1 4
1 113 124
1 47
1 47
1 37
1 113
1 37
1 61
1 37
1 103
1 103
1 124
1 118
1 47
1 47
1 37
1 27 118
1 27 58 61 118 128
1 113
1 4
1 61
1 61
1 47
1 37 47
1 61
1 37 61
1 47
1 67
1 113
1 113 124
1 27
1 27 37 47 61 93
1 59
1 113
1 27 37 47 118 128
1 116
1 47
1 94
1 94
1 94
1 27 37 47 61 93
1 94
1 27 37
1 59
1 27 37 47 70 93
1 59
1 47
1 67
1 59
1 21
1 47
1 47
1 47
1 142
1 142
1 4
1 21
1 61
1 27 37 47
1 47
1 27
1 27 37 47
1 18 40 53 104 112 120
1 37 47
1 93
1 75
1 53
1 59
1 27 37 58 128
1 47
1 120
1 47
1 37 47
1 37
1 59
1 37
1 37 47
1 37
1 37 47
1 8
1 37
1 108
1 37
1 37 47
1 27
1 27
1 137
1 37 47
1 47
1 47
1 27 37 47
1 131
1 47
1 37
1 59
1 4
1 116
1 58
1 116
1 27 37 47
1 59
1 131
1 103
1 59
1 127
1 37
1 59
1 27 37 47
1 27 37 47
1 61
1 61
1 37
1 27 37 47 58 61 93 103 108 118 128
1 37
1 27 37 47 58 61 93 103 108 118 128
1 59
1 59
1 47
1 47
1 47
1 47
1 58
1 120
1 58
1 120
1 59
1 27 37 47 58 61 93 128
1 59
1 27 37 47 58 61 93 128
1 47
1 61 93 116
1 48
1 47
1 61 93 116
1 48
1 59
1 59
2 36
2 59 68 111
2 68
2 91
2 142
2 142
2 59
2 52
2 52
2 111
2 142
2 142
2 91
2 59
2 142
2 142
2 68
2 68
2 59
2 142
2 135
2 142
2 142
2 57 142
2 59
2 59
1 2
2 59
2 54 68 71
2 81 113 124
2 124
2 142
2 142
2 111
2 57
2 57
2 135
2 111
2 59 111
2 68
2 68
2 68
2 107
2
2 76 91
2 111
2 142
2 36
2 91
2 89
2 75 113
2 89
2 36
2 111
2 59
2 142
2 68
2 142
2 68
2
2 142
2 76
2 68
2 76
2 59
2
2
2 59
2 59
2 68
2 142
2 107
2 57 59 135
2 59
2 59
2 59
2 135
2 142
1 2
2 59
2 59
2 59
2 91
2 59
2 68
2 68
2 59
2 59
2 111
2 135
2 36
2 91
2 111
2 68
2 111
2 142
2 91
2
2 52
2 111
2 54 135
2 68
2 91
2 135
2 142
2 142
2 135
2 76
2 76
2 76
2 68
2 68
2 71 124
2 91
2 91
2 76 91
2 76
2 68
2 68
2 76
2 76
2 142
2 142
2 142
2 59
2 59
2 59
2 68
2 59
2 59
2 59
2 68 91
2 142
2 59
2 59
2 135
2 135
2
2 68
2 68
2
2 59
2 54
2 59
2 68
2 68
2 91
2 10
2 76 91
2
2 59
2 132
2 132
2 68
2 91
2 36
2 132
2 91
2 36 68
2 68
2 132
2 132
2 91
2 36 68
2 36 68
2 36 68
2 36 68
2 59
2 59
2 132
2 132
2
2
2 68
2 68
2 36 68
2 36 68
2 111
2 111
2 132
2 36 68
2 132
2 132
2 36 68
2 132
2 59
2 59
2 132
2 132
2 132
2 132
2 132
2 132
2 132
2 132
2 132
2 132
2 132
2 132
2 132
2 132
2 132
2 132
2 132
2 132
2 132
2 132
2 91
2 68
2 68
2 91
2 68
2 68
2 68 71
2 68 71
2
2
2 68
2 36 68
2 91
2 68
2 68
2 76 91
2 68 91
2 135
2 135
2 59
2 81 107
2 142
2 59
2 76
2 68 91
2 91
2 68
2 142
2 68
2 91
2 36 68 71 91 142
2 36 68 71 91 142
2 91
2 59
2 59
2 59
2 59
2 59
2 91
2 59
2 68
2 36 68 71 91 142
2 36
2 36 68
2 59
2 59
2 59
2 76
2 95
2 76
2 59
2 36 71 91 142
2 59
2 59
2 59
2 59
2 36 68 71 91 142
2 68
2 59
2 95
2 36 68 71 91 142
2 142
2 91
2 59
2 68
2 59
2 59
2 59
2 59
2 59
2 91
2 36 68 71 91 142
2 59
2 68
2 59
2 37 81
2 59
2 59
2 123
2 91
2 123
2 91
2 91
2 91
2 91
2 57
2 68
2 68
2 59
2 91
2 57
2 59
2 76
2 81
2 91
2 36 91
2 91
2 91
2 91
2 68
3 34
3 98
3 98
3 98
3 98
3 98
3 98
3
4 40
4 80
4 80
4 80
4 18
4 18
4 37
4 37
5 43 51 83 110
6 61 66
6 66
6 61 66
6 61
6 61
6 61
6 61 66
6 61 66
6 61
6 66
6 61 66
6 61
6 61
6 61 66
6 108
6 66
6 61
6 66
6 61
6 70
6 61
6 66
6 61
6 61
6 61
6 61
6 61
6 61
6 66
6 61
6 61
6 61
6 61
6 70 107
6 61
6 66
6 61
6 61
6 61
6 61
6 61
6 61
6 61
6 61
6 61 66
6 61 66
6 61 66
6 61 66
6 61 66
6 61 66
6 61 66
6 61 66
6 61 66
6 61 66
6 61 66
6 61 66
6 61
6 66
6 66
6 61
6 61 66
6 61
6 61
6 66
6 61
6 61
6 61
6 61
6 61
6 61 66
6 61 66
6 61 66
6 61
6 61 66
6 61
6 61 66
6 61 66
6 66
6 61 66
6 66
6 66
6 66
6 66
6 66
6 61
6 61
6 61 66
6 61 66
6 61
6 61
6 61 66
6 66
6 61 66
6 61
6 66
6 66
6 61 66
6 66
6 66
6 66
6 66
6 66
6 66
6 66
6 61
6 61 66
6 66
6 66
6 66
6 66
6 61
6 61 66
6 17
6 61
6 54
6 54
6 61
6 61 66
6 61 66
6 54
6 61
6 61
6 61
6 61
6 61
6 61 66
6 61
6 54
6 70
6 61
6 61 66
6 140
6 61
6 61
6 61 66
6 61
6 61
6 35
6 61 66
6 61 66
6 35 66
6 61
6
6 61
6 61
6 66
6 61
6 54
6 61
6 61
6 61 66
6 61
6 61
6 35 66
6 66
6 61 66
6 61
6 61
6 61
6 61
6 61
6 66
6 66
6 66
6 61
6 61
6 66
6 66
6 61 66
6 61
6 61
6 61
6 61 66
6 61
6 61
6 61
6 61 66
6 61 66
6 61 66
6 61 66
6 61 66
6 61 66
6 61
6 61
6 61
6 61 66
6 66
6 70
6 61 107
6 61 66
6 107
6 61
6 61
6 61
6 61
6 50
6 61
6 50
6 61
6 66
6 61
6 61
6 61
6 61
6 61
6 66
6 61
6 61
6 66
6 66
6 66
6 61
6 61
6 66
6 66
6 66
6 66
6 66
6 61 66
6 61 66
6 61 66 93
6 61
6 61 66
6 61
6 107
6 61
6 61
6 61 66
6 61 66
6 61
6 61
6 66
6 66
6 66
6 66
6 70 107
6 70 107
6 61 66
6 61
6 61 66
6 61
6 61
6 61
6 61
6 37 61
6 61
6 61
6 61
6 61
6 61
6 61
6 61
6 61
6 61
6 84
6 140
6 61
6 61
6 84
6 61
6 61
6 84
6 61
6 61
6 61
6 61
6 61
6 61
6 61
6 61
7 9 19 121
7 121
7 26
7 100
7 26 56
8 111
6 8 35 45 55 66 91 103 108 136
8 59 111
8 59 111
8 138
6 8 28 93 119 136
8 57
8 124
8 55 66
8 135
8 135
8 21 135
8 11
8 59
8 57
8 21 59
8 21
8 21 59
8 21
8 114
8 57
8 21 59
8 21
8 73
8 21 59
8 21
8 21 59
8 111
8 21 59
8 28 35 45 55 66 97 136 138 140
8 111
8 28 35 45 55 66 97 136 138 140
8 21
8 57
8 73
8 21 59
8 21 59
8 21 59
8 136
8 21 59
8 136
8 136
8 21 59
8 114
8 136
8 21 59
8 136
8 53
8 21 57 59
8 131
8 52
8 57
8 59
8 21 57
8 21 57 59
8 57
8 136
8 21 57 59
8 11 21 59 73 111 114 135
8 55 136
8 136
8 21 57 59
8 52
8 57
8 21 57 59
8 57
8 127
8
8 135
8 21 59
8 136
8 35 55
8 21 57 59
8 135
8 57
8 57 59
8 136
8 57
8 57
8 57
8 57
8 114
8 114
8 136
8 57
8 57
8 136
8 136
8 136
8 136
8 57
8 57
8 142
8 57
8 57
8 142
8 136
8 57
8 136
8 57
8 57
8 57
8 57
8 11
8 57
8 142
8 142
8 21 59
8 57
8 57
8 57
8 21
8 11
8 11 21 22 48 57 59 60 73 135
8 60
2 3 6 7 8 9 12 13 17 19 24 27 34 36 44 47 55 56 57 59 68 71 74 76 81 84 90 91 93 98 101 107 121 123 129 142
8 140
8 11
8 11 57 59
8 55
8
8 135
8 135
8
8 57
8 57
8 57
8 100
8 57 59
8 57
8 135
8 57
8 57
8 57
8 57
8 57
8 57
8 57 59
8 57
8 59
8 59
8 59
10 81
10 111
10 111
10 57
10 21
10 36
10 74
10 111
10 111
10 111
11 59
11 21
11
11
11
11 59
11 59
11 21
11 21
11
11 21
11 21
11 21
11 21
11 21
11 15 53
11 135
11 21
8 11
11 59 135
11 21
11 73
11 59
11 135
11
11 59
11 21
11 59
8 11
11 60
11
11
11 135
11 135
11 57
11 142
11 57
11 57
12
12
12 121
12
12
7 12
12
7 12
7 12
7 12
7 12
12 49
12 49
12 49
12
12
9 13 34 89 143
13 56
13 56
13 56
13 101
14 39
14 72
14 104
14
14 104
14
14 100 127
14 39
14 39
14
14
14 100
14 100
14 39
14 100 127
14 104
14 104
14 57 59
8 14
8 14
8 14
15 30
15 30
15 30
15 25 32 64 133
15 65
15 106
15 48
15 72
15 48
15 72
15 72
15 72
15 30
15 65
15 42
15 72
15 41 72 133
15 32 42
15 42
15 42
15 25
15 65
15
15 72
15 42
15 32
15 42
15 72
15 42 48 72
15 64
15 32
15
15 65
15 65
15 65
15 42
15 32 42
15 42 48
15 42
15 65
15 133
15 49
15 65
16 105
16 105
16 105
4 16 80 125
16 105
16 105 109
16 105 109
16 105
4 16 125
16 139
16 109
16 105
16 105
17
17
6 17 27 37 58 61 74 81
17 123
17 26
6 17
6 17
6 17 27 37 58 61 74 81
6 17 27 37 58 61 74 81
6 17 27 37 58 61 74 81
17
6 17 27 37 58 61 74 81
17
17 99
17
18 112 120
18 120
18 120
18 120
18 112 120
18 40 120
18 40 120
18 53
18 40 53 112 120
18 120
18 40
18 120
18 120
18 40 120
18 120
18 40
4 18 40 120
18 120
18 53 112 120
18 120
18 40 120
18 120
18 53
18 53 112 120
18 53
18 120
18 40 53 112 120
18 53 112 120
18 53
18 108
18 53 112 120
18 40
18 120
18 40
18 40 120
18 30
18 30
18 40 112 120
18 49
4 18 40 112 120 122
18 53 112 120
4 18 40 112 120
18 112 120
18 40 112 120
18 40
18 120
18 40 53 112 120
18 120
18 112 120
18 120
18 53
18 40 53 112 120
4 18 40 112 120
18 120
18 120
18 40
18 40 120
18 120
18 53
18 40 120
18 112
18 112
18 120
18 120
18 120
18 120
18 120
18 112 120
18 112 120
18 112 120
18
18 120
18 120
18 120
18 108
18 112 120
18 108
18 112 120
18 120
18 120
18 108
18 108
18 40
18 120
18 120
18 104
18 40 104 112 120
18 120
18 112
18 112 120
18 112
18 112 120
18 120
18 120
18 108
18 108
18 120
18 120
18 120
18 120
18 104
18 120
18 120
18 120
18 112
18 112 120
18 120
18 112
18 120
18 53
18 120
18 104 120
18 104
18 112 120
18 120
18 120
18 120
18 120
18 120
18 120
18
18 112 120
18 112
18 120
18 112 120
18 112
18 112 120
18 53
18 120
18 120
18 120
18 40
18 120
18 40 112 120
18 40 112 120
18 108
18 40 104 120
18 53
18 40
18 40
18 112 120
18 120
18 112 120
18 53
18
4 18 40 112 120
18 40 112 120
18 40
18
18 40 120
18 40
18 40
18 40 104 112 120
18 112
4 18 40 120
4 18 40 112
18 41 108
18 120
18 104
18 40
18 39 40 120
18 120
18 40
18 40
18 108
18 120
18 120
18 112 120
18 120
18 112
18 112 120
18 40 112 120
18 120
18 120
18 47
18 40 112 120
18 40 120
18 40 120
18 40 120
18 120
18 40 120
18 40 120
18 40 112 120
18 40
18 40 120
18 53
18 53 120
18 53
18 112 120
18 53
18 53
18 40 120
18 40
18 104 120
18 53
18 108
15 18
18 108
18 40 112 120
18
18 40 112 120
18 53
18 120
4 18 40 112 120
18 40
18 112
18 40 112 120
4 18 40
18 112 120
18 40 104 120
18 47
18 112 120
18 112 120
18 40 120
18 40 120
18 120
18 120
18 120
18 40 104 120
18 112 120
18 120
18 40 112 120
4 18 40 120
18 112
18 112
4 18 40 112 120
18 40
18 40
18 112
18 112 120
18 112
18 120
18 40 112
18 120
18 108
18 112 120
18 112
18 112
18 40 120
4 18 40 112 120
18 40 112 120
4 18 40
18 40 112 120
18 53 112 120
18 40 112 120
18 40 112
18 112 120
18 112
18 112
18 112
18 40 112 120
18
4 18 40 112 120
18 112 120
4 18
4 18
18 112 120
18 112 120
4 18 120
15 18 40 112 120
18 112 120
4 18 120
18 120
18 40
18 21 59 112 120
18 40
18 112
18 112
18 41 108
18 40 112 120
18 120
15 18 40 53 112 120
18 40 112 120
18 40 112 120
4 18 40 112 120
18 112 120
18 112
18 112
18 112
4 18 40 112 120
18 112
4 18 40 112 120
18 112
18 40 112
18 40
18 40 112 120
18 120
18 112 120
18 120
18 112 120
18 112 120
15 18 40 108 112 120
18 120
18 120
18 112 120
4 18 40 112 120
4 18 40 112 120
18 112 120
4 18 40 112 120
18 120
18 40 112 120
18 112 120
18 40 112 120
15 18 41 108 112 120
18 40 112 120
18 120
4 18 112 120
18
18
1 4 18 40 112 120
18
18 53
18 40 112 120
18
18 120
18
18
18 112 120
18
18
18
18 53
18
18 112 120
18
18 112 120
18 112
18
18 112 120
18 112 120
18 40 104 112 120
18 112
18 112
4 18 112 120
18 120
4 18 112 120
18 120
4 18 112 120
4 18 112 120
4 18 112 120
4 18 112 120
18 40 112 120
18 120
1 18 112 120
15 18
18 112 120
4 18 112 120
4 18 112 120
4 18 112 120
15 18 108
4 18 112 120
4 18 112 120
18 53
18 120
4 18 112 120
18
18 112 120
18 112 120
4 18 112 120
4 18 112 120
4 18 112 120
18 120
18 120
4 18 112 120
18 112 120
18 108
18 108
4 18 112 120
18 120
18 120
18 112 120
4 18 104 112 120
18 120
4 18 104 112 120
4 18 104 112 120
18 112 120
18 112 120
18 112 120
4 18 104 112 120
4 18 104 112 120
4 18 104 112 120
4 18 104 112 120
4 18 104 112 120
4 18 104 112 120
4 18 104 112 120
18 112
18 40 112 120
4 18 104 112 120
18 120
18 40 112 120
4 18 104 112 120
18 112 120
4 18 104 112 120
18 112 120
18 112 120
4 18 104 112 120
4 18 104 112 120
4 18 104 112 120
4 18 104 112 120
4 18 104 112 120
18 53
4 18 104 112 120
18 40 112 120
18 112 120
4 18 104 112 120
4 18 104 112 120
4 18 104 112 120
4 18 104 112 120
18 112
4 18 104 112 120
4 18 104 112 120
18 120
4 18 104 112 120
4 18 104 112 120
18 112 120
4 18 104 112 120
4 18 104 112 120
18 112 120
18 112 120
4 18 104 112 120
18 112 120
18 120
18 108
4 18 104 112 120
4 18 104 112 120
18 112 120
4 18 104 112 120
18 108
4 18 104 112 120
4 18 104 112 120
4 18 104 112 120
18 120
18 108
4 18 104 112 120
4 18 104 112 120
4 18 104 112 120
4 18 104 112 120
4 18 104 112 120
4 18 104 112 120
18 112 120
18 112 120
4 18 104 112 120
4 18 104 112 120
4 18 104 112 120
4 18 104 112 120
18 112 120
4 18 104 112 120
18 112 120
4 18 104 112 120
18 112 120
4 18 104 112 120
4 18 104 112 120
4 18 104 112 120
18 112 120
4 18 104 112 120
4 18 104 112 120
18 112
4 18 104 112 120
4 18 104 112 120
4 18 104 112 120
4 18 104 112 120
4 18 104 112 120
4 18 104 112 120
4 18 104 112 120
18 112 120
18
4 18 104 112 120
18 112
18 112
18 112
18 112 120
4 18 40 120
18 112 120
18 112 120
18 112
18 112 120
4 18 104 112 120
18 120
18 30 108
18 112 120
18 120
18 120
18
18 30
4 18 104 112 120
18 120
18 112 120
18 112 120
18 112 120
18 112 120
18 120
18 120
4 18 104 112 120
4 18 104 112 120
18 112 120
18 120
18 120
4 18 40 104 112 120
4 18 104 112 120
4 18 104 112 120
4 18 104 112 120
4 18 104 112 120
18 120
18 104 112 120
18 104 112 120
18 120
18 104 112 120
18 120
18 120
18 104 112 120
18 104 112 120
18 112 120
18 30 41 108
18
18
18 104 112 120
18 104 112 120
18 112 120
18 112 120
18 104 112 120
18 104 112 120
18 120
18 104 112 120
18 104 112 120
18 104 112 120
18 120
18 112 120
18 104 112 120
18 104 112 120
18 104 112 120
18 104 112 120
18 104 112 120
18 40 120
18 120
18 40 120
18 53
18 120
18 120
18 112 120
18 112 120
18 120
18 112 120
18 112 120
18 112
18 104 112 120
18 112 120
18 120
18 104 112 120
18 104 112 120
18 120
18 104 112 120
18 40 104 112 120
18 112 120
18 112 120
18 104 112 120
18 112 120
18 104 112 120
18 112 120
18 120
18 112 120
18 104 112 120
18 112 120
18 120
1 15 18 30 40 41 108
18 120
18 120
4 18 104 112 120
18 104 112 120
18 112 120
18 104 112 120
18 112 120
18 112 120
18 120
18 112 120
18 104 112 120
18 40 112 120
18 112 120
18 112 120
18 112 120
18 120
18 40 112 120
18 40 112 120
18 112 120
18 104 112 120
18 108
18 112 120
18 112 120
18 112
18 104 112 120
18 120
18 104 112 120
18 112
18 104 112 120
18 104 112 120
18 40 104 112 120
18 112
18 112 120
18 53 112 120
18 104 112 120
18 104 112 120
18 112 120
18 120
18 104 112 120
18 112
18 104 112 120
18 112 120
18 112 120
18 104 112 120
18 120
18 104 112 120
18 112 120
18 112 120
18 104 112 120
18 112
18 120
18 112 120
18 108
18 120
18 104 112 120
18 120
18 104 112 120
18 104 112 120
18 104 112 120
18 104 112 120
18 104 112 120
18 104 112 120
18 104 112 120
18 104 112 120
18 104 112 120
18 120
18 104 112 120
18 104 112 120
18 104 112 120
18
18 112 120
18 104 112 120
18 104 112 120
18 120
18 104 112 120
18 112 120
18 112 120
18 120
18 120
18 112 120
18 112 120
18 112 120
18 120
18 104 112 120
18 120
18 104 112 120
18 120
18 104 112 120
18 104 112 120
18 104 112 120
18 104 112 120
18 104 112 120
18 120
18 104 112 120
18 104 112 120
18 104 112 120
18 112 120
18 120
18 112 120
18 120
18 108
18 108
18 112 120
18 112 120
18 108
18 112 120
18 120
18 112 120
18 120
18 120
18 120
18 120
18 120
18 112 120
18 112 120
18 112 120
18 112 120
15 18 30 41 112 120
18 104 112 120
18 53
18 120
18 120
18 53
18 120
18 120
18 112 120
18 120
18 112 120
18 112 120
18 104 112 120
18 112 120
18 30 41
18 120
18 120
18 120
18 104 112 120
18 104 112 120
18 112 120
18 108
18 112 120
18 104 112 120
18 120
18 112 120
18 112 120
18 120
18 112
18 112
18 112 120
18 112 120
18 108
18 112
18 104 112 120
18 112
18 112 120
18 112
18 120
18 120
18 120
18 112
18 120
18 104 112 120
18 112
18 112 120
18 112 120
18 112
18 104 112 120
18 120
18
18 120
18 104 112 120
18 112 120
18 120
18 112 120
18 112 120
18 120
18 112 120
18 112 120
18 53
18 112 120
18 120
18 112 120
18 112
18 104 112 120
18 104 112 120
18 112 120
18 112 120
18 120
18 112 120
18 120
18 112 120
18 112 120
18 120
18 120
18 53
18 112
18 112 120
18 112 120
18 104 112 120
18 120
15 18 41 112 120 131
18 112 120
18 120
18 104 112 120
18 120
18 112 120
18 112 120
4 15 18 41 112 120 131
18 112 120
18 104 112 120
18 112 120
18 112 120
18 104 112 120
18 104 112 120
18 120
1 18
18 104 112 120
18 112 120
18 120
18 112 120
18 112 120
18 112 120
18 104 112 120
18 104 112 120
18 112 120
18
18 112
18 120
18 104 112 120
18 112 120
18 112
18 112
18 104 112 120
18 104 112 120
18 112 120
18 112
18 112 120
18 112 120
18 104 112 120
18 112 120
18 104 112 120
18 112 120
18 104 112 120
18 112
18 112
18 112 120
18 112 120
18 104 112 120
18 112 120
18 104 112 120
18 104 112 120
18 104 112 120
18 112
18 104 112 120
18 120
18 104 112 120
18 104 112 120
18 104 112 120
18 112
18 104 112 120
18 104 112 120
1 18 112 120
18 108
18 104 112 120
1 18
1 18 112 120
18 112 120
18 30 41 131
18 120
15 18 30 41 131
18 112 120
18 120
18 112 120
18 112 120
18 104 112 120
18 112 120
18 112 120
18 112
18 112 120
18 120
18 112 120
18 112 120
18 112 120
18 120
18 120
18 120
18 112 120
18 112 120
18 120
18 112 120
18 112 120
18 104 112 120
18 120
18 112 120
18 120
18 112 120
18 112
18 112
18 112
18 112 120
1 18 112
18 112
18 21
18 112
18 112
18 112
18 112
18 112 120
1 18 112
18 112
18 21
18 112
18 112 120
1 18 21 57 59 112 120 135
18 112
18 112 120
1 18 21 57 59 112 120 135
18 112
18 112
18 112
18 112
18
18
18 104 112 120
18 112
1 18 21 57 59 112 120 135
18 112
18 112
18 112
18
18
18 104 112 120
18 112
1 18 21 57 59 112 120 135
18 112
18 112
18 112
18 104
18 112
18 104 112 120
18 112
18 112
18 112
18 104 112 120
18 104
18 112
18 104 112 120
18 104 112 120
18 104 112 120
18 104
18 112
18 112
18 112
18 112 120
18 53
18 112 120
1 18 21 57 59 112 120 135
18 131
18 112 120
18 112
18 131
18 30 41
18 120
18 120
18 112 120
18 120
18 131
18 112 120
18 112 120
18 120
18 112 120
18 112 120
18 114
18 112 120
18 120
18 112 120
18 112 120
18 112
18 112 120
18 104
18 112 120
18 104 120
18 21 57 59 112 120 135
18 112 120
18 120
18 21 57 59 112 120 135
18 21 57 59 112 120 135
18 112 120
18 21 57 59 112 120 135
18 112 120
18 112 120
18 21
18 112
18 21 57 59 112
18 104 112 120
18 21 57 59
1 18 21 34 37 52 53 57 59 89 104 112 120 124 125
18 21 57 59 104 112 120 135
15 18 30 41 112 120
15 18
18 120
15 18
18 112 120
18 104
18 21 57 59 112 120
18 112 120
18 112
18 112 120
18 112 120
18 112 120
18 112 120
18 112
18 112 120
18 112 120
18 112
18 112 120
18 112
18 112
18 112
18 112
18 112
18 112
18 21 57 59 112
18 112
18 112
18 112
18 96
18 112
18 112
18 112
18 21 57 59 112
18
18 21 57 59 112
18 21 57 59 112
18 112
18 21 57 59 112
18 131
18 112
18 112
18 112
18 112
18 112
18 112
18 112
18 112
18 112
18 112
18 21 57 59 112
18 112
18 112
18 21 57 59 112
18 21 57 59 112
18 112
18 21 57 59 112
18 21 57 59 112
18 112
18 21 57 59 112 135
4 18 21 57 59 112 122
18 21 57 59 112 135
18 112
18 131
18 131
18 41
18 41
18 131
18 112
18 112
18 112
18 112
18 112
18 131
18 112
18 112
18 112
18 112
18 21 57 59 112 135
18 112
18 112
18 131
18 112
18 131
18 21 57 59 112 135
18 21 57 59 112 135
18 21 57 59 112 135
18 21 57 59 112 135
18 112
18 112 131
18 131
18 112
18 112
18 112
18 112
18 112
18 112
18 112
18 112
18 112
18 112
18 112
18 112
18 21 57 59 112 135
18 112
18 112
18 112
18 112
18
18 112
18 112
18 112
18 112
18 112
18 112
18 112
18 112
18 21 57 59 112 135
18 112
18 21 57 59 112 135
18
18 112
18
18
18 112
18 112
18 112
18 112
18 112
18 112
18 112
18 112
18 112
18 112
18 112
18
18 21 57 59 112 135
18 21 57 59 112 135
18 21 57 59 112 135
18 112
18 112
18 112
18 131
18 112
18
18 112
4 18 112
18 131
18 131
18 112
18 112
18 112
18 112
18 112
18 112
18 112
18
18 112
18 112
18 112
18 112
18 131
18 112
18 112
18 131
18 21 112
18 112
18 112
18 131
18 112
18 112
18 131
18 112
18 112
18 112
18 25 65 133
18 21 112 131
18 112
18 21 112
18 112
18 112 131
18
18 112
18 112
18 112
18 112
18 131
18 131
18 131
18 131
18 112
18 131
18
18 112 131
18 131
18 131
18 131
18 112
18 131
18 131
18 131
18 21 112
18 112 131
18
18 112
18 131
18 131
18 112
18 112
18 112
18 112
18 131
18 131
18 112
18 112
18 131
18 131
18 112
18 112
18 112
18 131
18 112
18 112
18 131
18 112
18
18 112
18 112
18
18 112
18 112
18 112
18 112
18
18
18 30 41 131
18 112
18 112
18 112
18 112
18 64
18 112
18 112
18 112
18 112
18 112
18 112
18 112
18 112
19
19
19
19
19
19
19
19
19
19
19
19
19
19
20 109
20 78
20 102
21 81 89
21 53
21 73 135
21 89
21 89
21 39
21 89
21 98
21 111
21 89
21 53
21 34 59 89
21 111
21 59
21 59
21 111
21 112
8 21
8 21
21 59
21 112
21 111
21 59 89 111
21 111
21 59 111
21 59 89
21 59
21 59
21 112
21 104
21
21 59
21 89
21 59
21 120
21 59
21 59
21 111
21 111
21 59
21 120
21 111
21 59
21 39
1 2 8 21 39 81 89 113
21 39
21 59
21 34 89
21 34 89
11 21
21 131
21 114
21 89
11 21
21 89 100
21 111
11 21
21 113
21 59
21 89
21 73
21 135
21 89
21 89
21 89
21 59
21 59
21 59
11 21
21 120
21 120
1 21 81
21 89
21 53 112 120
11 21
11 21
1 2 8 21 39 70 81 89 113 120
21 131
21 59
21 60
8 21 39 52
21 120
8 21 39 52
21 59
2 21 59 89 111
1 2 8 21 39 81 89 113
21 39
21 120
21 131
21 120
1 21 131
21 39
21 39
21 39
1 2 8 19 21 34 39 70 75 81 89 113 120 124 125 143
21 131
21 114
21 53
21 59
21 59
21 39
8 21 39 52
21 53
21 60
21 120
21 120
8 21 59
21 59
21 81
21 89 120
21 131
21 89 120
21 131
21 59
11 21
21 60
21 60
21 59
21 39 59 112 135
21 39 59 112 135
21 114
11 21
21 98
21 39
21 112 120
1 21 81 89 113 131
11 21
21 52
21 131
21 143
21 114
11 21
21 59
21 59
21 39
21 107
21 59
21 59
21 59
21 111
11 21 39
21 39
21 59 75 113
21 59 113
21 59 131
21 59
21 89
21 59
21 89
21 89
21 59
21 59 135
21 59 89
21 59
21 59
21 60 114 135
21 60 114 135
21 53
21 53
21 59
21 39
21 59 135
21 59
21 59
21 39
11 21
21 22
10 21
21 59
21 57
21 57
11 21
21 59
21 59
21 59
21 57 59
22 104
22 104
22 39
14 22
22 114
22 104
22 39 104
22 39
22 60 114
22 39
22 30 39
22 39 104
22 30
22 30 39
14 22
22 104
22 39
22 53
14 22
22 30
22 30
22 60 135
14 22
14 22
22 30
23 85
23 86
23 50 86
23 86
23 86
23 50
23 86
23 110
23 110
23 74
23 110
23 50
23 110
23 138
23 86
23 50
23 86
23 86
23 50
23 138
24 113
24 99
24 60
24 135
25 30 72
25 133
25 133
25 32
25 133
25 32
25 133
25 32
25 32
25 32
25 32
25 64 133 141
15 25
25 141
25 141
25 32
25 133
25 41 133
25 41
25 41
25 32
25 41
25 32
25 133
25 141
25 41 65 92 133
25 41 65 92 133
25 92
25 32 42
25 32
25 72
25 133
25 49
25 65
25 133
25 65
25 41 72
25 41
25 65
25 41
25 32
25 32
25 32
25 32
25 32
25 41
25 42
25 32
25 32
25 41
25 41
25 41
25 41
25 41
25 41
25 41
25 41 64 133 141
25 41
25 41
15 25
25 133
25 32 106
25 64 141
25 49
15 25
26 47
26 75
26 59 75
26 59
26 75
26 59 75
26 75
26 131
26 59
26 75
26 75
26 75
26 59
26 89
26 129
26 131
26 75
26 89
26 129
26 129
26 47
13 26
9 26 47
9 26
26 103
13 26
13 26
26 131
26 131
26 59
26 59
26 59
26 59
26 143
26 75
26 47
26 61
26 123
26 61
26 123
26 123
26 123
26 123
26 123
26 123
17 26
17 26
26 143
26 143
13 26 56
26 47
26 27 47 61
26 143
26 47
26 47
26 37
26 37
26 47
26 47
26 47
26 37
26 37
26 131
26 131
26 47
26 47
9 26 47
26 94 143
26 59
26 59
26 37
26 37
26 47
26 37 47
26 37 47
26 47
26 75
26 143
26 143
26 37
7 26
7 26
26 143
26 94 143
26 94
26 94
26 94 143
26 94 143
26 94
26 143
26 47
27 93
27 37
27 61
27 37
27
27
27 93
27 93
6 28
28
28 50
28 36
28
28 70
28 70
28 36
28 70
7 29
13 29
4 29
4 29
29 100
29 132
15 30
15 30
30 108
30 108
30 108
30 108
30 108
30 108
30 41
30 41
30 108
15 30
30 41 108
30 108
30 108
30 108
15 30
30 108
30 108
30 41 49
30 108
30 108
15 30
30 108
30 49
30 108
30 108
30 108
30 49
30 108
30 41
30 108
30 108
30 108
30 41 49 108
30 41 49
30 41 49
30 41
30 108
30
30 108
30 108
30 41 49
30 49
15 30 108
30 108
30 108
30 49
15 30
30 42
30 49
30 108
30 41 49
30 108
30
30 41 49
15 30
30 49
30 41
30 108
30 108
15 30
30 108
30 41 42 108
30 41 49
30 41
15 30
15 30
30 49
30 108
30 41 49
30 108
30 49
15 30
30 108
30 108
30 108
30 108
30 108
30 41
30 41 49
30 42
15 30
30 42
30 108
30 49
30 41 108
30 41 49
15 30
30 108
15 30
30 108
30 108
30 108
30 41
15 30
30 108
30 108
30 108
30 41 49
30 108
30 49
30 108
25 30 41
30 65
30 108
30 41 49
30 49
30 49
30 49
30 108
25 30 41
30 41
30 108
30 108
30 133
15 30
30 108
30 49
30 108
15 30
30 108
30 108
30 108
30
30 108
15 30
30 48 72
30 108
30 108
30 108
30 108
30 41
30 41 49
30 49
30 41 49
30 108
25 30
30 108
30 108
30 108
30 49
15 30
30 108
30 41
30 48
30 108
30 72
30 49
30 48
30 49
30 108
30 41
30 41 49
30 108
30 49 108
30 108
30 108
15 30
15 30
30 108
30 108
30 137
30 41
30 72
30 108
30 108
15 30
30 108
30 108
30 41 49 108
30 108
30 41 42 49
30 41
30 108
30 108
30 42
30 41
30 108
15 30
30 108
30 108
30 108
30 108
30 108
15 30
30 108
30 41 108
30 108
18 30
30 108
30 106
30 106
30 133
30 108
30 133
30 108
30 41
30 41
15 30 42 72
15 30 42 72
30 108
30 108
30 108
30 108
30 49
30 108
30 49
30 108
15 30
15 30
30 108
30 108
30 108
30 108
30 41 49
30 41 49
30 108
30 108
30 41 49
30 41 49
32 42
32 42
32 108
32 42
32 42
32 42
32 42
32 42
32 42
32 42
32 42
32 42
15 32 42 72
32 42
32 72
32 41 49 106
32 41 49 106
32 42
32 41
32 41
32 41
32 41
32 41
32 41
32 42
32 41
32 42
32 42
32 42
32 42
32 41
25 32
32 42
32 42
32 42
32 42
32 42
32 42
32 42
32 42
32 42
32 42
32 41
25 32
32 42
32 42
32 72
25 32 133
32 42
15 30 32 41 72
32 42
30 32
30 32
32 42
32 42
30 32 41 42 72
32 41
32 42
32 42
32 42
32 72
32 42
32 42
32 42
32 41
32 133
32 41
32 41
32 41
32 41
32 41
32 41 42 64 133
32 64
32 42
32 41
32 42
32 41
25 32
32 41
32 41
32 72
32 42
32 42
32 42
32 42
32 42
32 42
32 42
32 42 48
32 42
32 42
15 30 32 41 42 72
32 42
32 42
32 42
32 41
32 41
32 41
32 42
32 42
32 42
32 41
32 41
32 41
32 41
32 48
32 42
32 41
32 42
32 41
32 42
32 42
32 42
32 42
32 42
32 42
32 42
25 32
32 42
32 42
32 42
32 42
32 42
32 42
32 42
32 42
32 42
32 41
32 41
32 42
32 42
32 42
32 42
32 42
32 42
32 42
32 133
32 133
32 42
32 42
32 42
33 130
33 130
33 81
33 130
33 113
33 113
33 44 130
33 44 130
33 44 130
33 44 130
33 44 130
33 44 130
33 44 130
33 44 130
33 44 130
33 113
33 44 130
33 44 130
33 44 130
33 44 130
33 44 130
33 44 130
33 44 130
33 44 130
33 44 130
33 44 130
33 113
33 44
33 113
33 130
33 44 130
33 44 130
33 130
33 44 130
33 44 130
33 44 130
33 44
33 44 130
33 44 81 85 95
33 130
33 130
33 81
33 130
24 33 44
33 130
33 130
33 130
33
33 130
33
33 130
33 44
33 44 81 85 95
33 130
33 81
33 130
33 81
33 44 130
33 81
33 81
33 44 130
33 81 113
33 99
33 130
33 81
33 81
33 81
33 44
33 44
33 44
33 46 85
33 44 81
33 44
33 81
33 81
33 44
33 44 130
33 99
33 44
33 85
33 44 130
33 99
33 44 99 130
33 44 81 85 95
33 44 81 85 95
33
33 44
33 130
24 33
33 99
33 44 99 130
33 44 99 130
33 130
33
33 44 99 130
33 44
33 130
33 130
33 130
33 130
33 130
33 44
17 33 44 62
33 44 130
33 44 81 130
33 44 99 130
33 44 99 130
33
33 130
33 130
33 44 99 130
33
33 46 85
33
33 81 95 130
33 130
33 44 99 130
33 44 99 130
33 44 130
33 44 99 130
33 44 130
33 130
33
33
33 130
33 44 99 130
17 33 44 81 130
33 130
33 44 130
33 44 99 130
33 44 99 130
33
33 44 130
17 33
33 44 81 85 95
33 44
33 44
33 130
33 46
33 130
33 130
33
33 44
33 44
33 44 130
33 44 99 130
33 44 130
33 74
33 44
33 44
33 130
33 44 130
33 44
33 44
33 44
33 130
33 130
33 44 74 130
33 130
33 81 95
33 81
33 44
33 81
33 46
33 44 130
33
33 130
33 130
33 85
33 130
33 44 130
33 130
33
33 44
33 44
33 44
17 33
33 85
33 130
33 46
33 46
33 85
33 85
33
33 44
33 130
33 81
33 130
33 130
33 130
33 55
33 130
33 44
33 130
33 81
33 85
33 55 95
33 95 130
33 95
33 44
28 33
33 46
33 44
33 44
33 130
33 130
33 81
33 81
33 81
33 81
33 44
33 44
33 44
33 44
33 55
33 55
33 46 130
33 46 130
33 46 130
33 46 130
33 130
33 130
33 44 123
33 55
33 44 123
33 55
33 44 46
33 46
33 55
24 33
33 130
33 95
33 46
33 87
33 55 74 75
33 55
33 55
33
33 81
33 130
33
33 130
33 130
33 84
33 84
33 84
33 130
33 69
33 69
33 130
33 130
33 69
33 69
33 69
33 69 84
33 69 84
33 69 84
33 69
33 69
33 69
33 84
33 130
33 84
33 130
33 69
33 130
33 130
33 69
33 84
33 130
33 84
33 130
33 69
33 130
33 84
33
33 42
33
33 84
33 84
33 84
33
33 84
33 69
33 69
33 69
33 69
33
33 69
33 69
33 69
33
33
33 69
33
33
33
33
33
33
33
33
33
33
33
33
33
33
33
33 69
33
33
33
33
33
33
33
33
33
33 84
33 84
33
33
33
33
33
33
33
33
33 49
34 56
34 139
35 66
35 97
35 55 66
35 55 66
35 55
35 66
35 55 66
35 55
35 108
35 66
35 66
35 66
35 55
35 66
35 66
35 140
35 66
35 140
35 140
35 66
35 66
35 66
35 140
35 140
35 140
35 140
35 66
35 140
35 140
35 140
35 66
35 66
35 66
35 66
35 140
35 140
35 140
35 91
35 140
35 140
35 140
35 66
35 140
35 140
35 55
35 66
35 140
35 66
35 66
35 140
35 55 76
35 76
35 66
35 55 76
35 140
35 140
35 140
35 55 76
35 55
35 55
35 66 140
35 140
35 140
35 140
35 55 76
35 140
35 140
35 36
35 140
35 140
35 66 140
35 55
35 66 140
35 140
35 140
35 140
35 140
35 55 66 76
35 140
35 66
35 140
35 66
35 140
35 55
35 66
35 97
35 66 140
35 140
35 140
35 66 140
35 140
35 140
35 37
35 66
35 66
35 55 66 76
35 137
35 66
35 66
35 66
35 140
35 140
35 66
35 66
35 66
35 119
2 36
36 71 142
36 76
2 36
36 142
36 142
37 111
37 103
37 113
1 4 37
37 103
37 61
37 111
37 103
1 27 37 61 93 103
37 128
37 47
37 113
37 94
27 37 47
37 54
1 37 58
1 37
1 37 58
37 103
37 103
37 103
37 118
37 103
37 59
37 59
37 58
1 27 37 58 61 118 128
37 103
1 37
37
1 27 37 47 58 61 93 103 118 128
37 103
37 103
37 103
1 37 61 93 103
37 47
37 103
37 103
37 103
37 103
37 103
1 37
37 61 93
27 37 58 118 128
27 37 47 58 103 118 128
37 103
1 37
1 37
37 61
37 47
37 131
37 61
37 137
1 37
37 61
37 103
37 58 103 128
37 108
27 37 47 128
4 37
37 108
1 37 61 93
1 37 47
37 103
27 37
4 37
37 103
37 103
2 37
37 71
27 37 47 58 61 103 128
35 37
37 58 118 128
37 58
27 37 47
37 108
1 37
37 61
37 59
37 47 58 61 103 108 128
37 58 128
37 103
37 137
1 37
37 58
27 37
1 27 37 47 58 61 103 128
37 118
37 58
37 58 128
37 93
27 37
37 131
1 37 47 57 59
37 103
4 37 80
1 27 37
37 58 61 93 108 118 128
4 37 80
37 103
1 27 37 47 103 128
37 131 132
37 93
37 103
37 131
6 27 37 47 58 61 93 103 116 131 140
6 27 37 47 58 61 93 103 116 131 140
4 37 80 125
6 27 37 47 58 61 93 103 116 131 140
37 59
37 103
6 27 37 47 58 61 93 103 116 131 140
37 47 116
37 61
37 47 93
27 37 47 58 61 93 116
6 27 37 47 58 61 93 103 116 131 140
26 37
37 140
6 27 37 47 58 61 93 103 116 131 140
26 37
26 37
26 37
6 27 37 47 58 61 93 103 116 131 140
37 103
37 80
37 59
37 59
6 27 37 47 58 61 93 103 116 131 140
37 47 58 61 93 103 116 131 140
37 93
37 81
27 37 47 58 61 93
37 47 58 61 93 103 116 131 140
37 47 58 61 93 103 116 131 140
37 131
37 47 58 61 93 103 116 131 140
37 59
37 47
37 131
37 47 58 61 93 103 116 131 140
37 47 58 61 93 103 116 131 140
37 61
37 131
37 47 58 61 93 103 116 131 140
37 131
37 47 58 61 93 103 116 131 140
37 47 93 116
37 93
37 123
4 37 80
37 47 58 61 93 103 116 131 140
37 47 58 61 93 103 116 131 140
37 59
37 47 58 61 93 103 116 131 140
2 37
2 37 81
37 47 58 61 93 103 116 131 140
37 47 58 61 93 103 116 131 140
27 37 47 58 61 93 116 131 140
2 37 59
37 59
37 131
37 59
37 55
37 116 140
27 37 47 58 61 93 116 131 140
37 131
37 59
37 47
37 47
37 55
26 37
26 37
4 37
37 55
27 37 47 58 61 93 116 131 140
37 59
37 131
37 55 116 140
37 59
27 37 47 58 61 93 116 131 140
37 55
27 37 47 58 61 93 116 140
37 55
37 58
37 140
27 37 47 58 61 93 116 131 140
4 37
37 55
37 55
37 93
37 116
37 55
37 116
37 93
27 37 47 58 61 93 116 131 140
37 55
37 55
37 57
27 37 47 58 61 93 116 131 140
37 131
26 37 143
38
29 38
38 132
29 38
38 132
38 125
29 38
29 38
38 109
38 109
29 38
38 126
38 126
38 126
38 126
38 102
29 38
29 38
38 126
38 126
29 38
38 115
38 126
38 126
38 126
38 126
38 126
38 126
38 126
38 126
38 126
38 126
38 115
38 109
38 117
38 126
39 127
39 57
39 100
23 39
39 100 127
39 53 100 104
39 100
39 100
39 127
39 104
39 104
39 57
39 104
39 127
39 104 127
14 39
39 100
39 104
39 127
39 127
14 39
39 135
39 135
39 127
39 127
21 39
39 127
39 57
39 104
39 127
21 39
39 89
39 127
39 127
39 127
39 127
11 39 59
39 127
39 127
39 127
39 57
14 39
39 127
39 52
39 127
21 39 59 111
39 53
39 127
39 104
39 104
39 100 127
39 104
39 57
39 104
21 39
39 57
39 100
39 59
39 100
39 112
21 39 59
39
39 104
21 39
39 100
21 39
21 39
39 127
21 39 59
39 73 111
39 127
39 100 104 127
39 100 104 127
39 100 104 127
39 100
39 100
39 100
39 53
39 100
11 39
39 111
39 104
21 39
14 39
21 39
39 100
14 39
22 39
22 39
39 100 127
21 39 59
21 39 135
39 127
39 127
39 100 104 127
39 127
39 127
39 100
39 100
39 127
22 39
22 39
39 100
39 59
39 100 104 127
39 100
11 21 39 53 57 59 112 135
39 57
39 100
39 57
39 127
39 127
14 39
39 100 127
39 100
14 39
39 127
22 39
22 39
39 100
39 57
39 100
21 39
39 127
39 127
39 100
14 39
40 122
29 40 125 132
40 120
16 40 105
4 40 104 112
16 40
40 105
40 132
40 105
1 18 40 104 120
4 16 29 40 80 104 105 120 125
15 40
18 40 104 120
1 4 15 16 29 40 80 104 105 125
4 16 29 40 80 105 125 132
4 29 40 112 120
40 104 120
29 40
18 40
18 40
4 40 104 120
40 122
40 120
40
40 122
40 120
40 104 120 139
40 120
40
40 104 120
40 120
40 120
40 120
40 120
40 120
40 120
40 120
40 120
40 120
4 16 40
40 109
40 104
40 104
40 109
4 40 53 104 112 120
40 120
40 104 120
40 120
40 120
1 4 11 18 37 39 40 47 53 104 112 120
1 4 11 18 37 39 40 47 53 104 112 120
40 120
16 40 120
1 4 11 18 37 39 40 47 53 104 112 120
1 4 11 18 37 39 40 47 53 104 112 120
1 4 11 18 37 39 40 47 53 104 112 120
39 40
1 4 11 18 37 39 40 47 53 104 112 120
40 104
40 120
1 4 11 18 37 39 40 47 53 104 112 120
40 104
40 120
40 120
40 120
1 4 11 18 37 39 40 47 53 104 112 120
40 104
40 120
40 120
40 104 120
1 4 11 18 37 39 40 47 53 104 112 120
1 4 11 18 37 39 40 47 53 104 112 120
1 4 11 18 37 39 40 47 53 104 112 120
18 40
40 105
1 4 11 18 37 39 40 47 53 104 112 120
18 40 120
40 104
1 4 11 18 37 39 40 47 53 104 112 120
40 104 120
40
1 4 11 18 37 39 40 47 53 104 112 120
40 120
40 104 120
40 109
1 4 11 18 37 39 40 47 53 104 112 120
40 120
40
40 120
40 104 120
1 4 11 18 37 39 40 47 53 104 112 120
1 4 11 18 37 39 40 47 53 104 112 120
18 40
40 120
40 120
40 120
40 120
40 120
40 120
40 120
40 104 120
40 120
40 120
1 4 15 16 18 39 40 53 88 89 104 105 109 112 120 125 132 139
32 42
15 42
42 48
32 42
42 48
42 48
32 42
32 42
42 72
32 42
32 42
8 42
42 48
32 42
32 42
32 42
32 42
30 42
32 42
30 42
42
42
30 42
42
42
42 48
30 42
30 42
42 48
30 42
30 42
42 48
8 42
30 42
32 42
42 72
32 42
42 48
30 42
32 42
30 42
30 42
32 42
32 42
30 42
30 42 72
30 42
42 48
42 72
32 42
30 42
32 42 49
32 42
30 42
32 42
32 42
32 42
30 42
30 42
32 42
42 48
30 42
30 42
42 48
30 42 48
30 42
42 48
32 42
30 42
42 48
42 72
30 42
42 48
30 42
30 42
30 42
32 42
30 42
32 42
32 42
32 42
30 42
32 42
32 42
30 42
32 42
42 48
32 42
32 42
32 42
15 30 41 42 72
42 72
32 42
42 48
32 42
32 42
32 42
32 42
32 42
32 42
30 42
42 72
42 48
42 72
42 48
42
32 42
32 42
32 42
42 48
42 48
32 42
32 42
42 64
30 42
25 41 42 72
42 72
41 42
42 64
32 42
32 42
32 42
32 42
41 42
32 42
15 30 42
42 48
32 42
32 42
32 42
32 42
32 42
32 42
32 42
32 42
15 30 42
32 42
32 42
32 42
42 48
32 42
32 42
32 42
32 42
15 42
15 32 42
15 32 42
15 30 32 42
32 42
30 42
32 42
32 42
32 42
32 42
32 42
32 42
43
5 43
43 110
5 43 51 83
5 43 51 83 110
43 86
43 110
11 43
43 110
43 51
43 51
5 43
5 43 51 83 110
43 51
43 51
43 110
43 51
43 51
5 43 51 83 110
43 51
5 43
5 43
43 86
5 43 51 83 110
43 110
5 43 51 83 110
5 43 51 83 110
5 43 83
5 43 51 83 110
5 43 51
43 51
5 43 51 83 110
43 110
43 110
5 43
5 43
43 110
43 83 110
5 43 51 83 110
43 51
43 51
5 43 51 83 110
43 83 110
43 82 110
43 51 82 100 110
43 86
43 51 82 100 110
43 86
43 51
43 51 82 100 110
43 51 82 100 110
43 51 82 100 110
43 51 82 100 110
43 51 82 100 110
43 51 82 100 110
5 43 51 83 110
5 43 51 83 110
43 51 82 100 110
43 86
43 51 82 100 110
43 51 82 100 110
5 43 51 83 110
5 43 51 83 110
43 100
43 51
43 51 82 100 110
43 51 82 100 110
43 51 82 100 110
5 43 51 83 110
5 43 51 83 110
5 43 51 83 110
43 100
43 100
5 43 51 83 110
33 44
44 91
44 81
33 44
44 81
33 46
46 81
46 81
37 47
37 47
47 123
47 140
47 59
47 59
48 53
48 135
15 48
48 72
15 48
15 48
15 48
15 48
42 48
41 42 48
48 98
42 48
48 53
42 48
48 59
48 59
48 59
48 59
48 52
48 59
48 52
48 59
48 111
25 48
48 73
15 42 48
15 48
48 59
42 48
48 135
48 135
48 59
42 48
49 133
49 133
49 60
41 49
49 106
12 49 65 133
25 41 49 133
25 41 49 133
12 49 65 133
25 32 41 42 49
12 49 65 133
49 65
25 49 106
12 49 65 133
41 49 64 133
12 49 65 133
49 106
49 64
49 106
12 49 65 133
49 92
49 133
25 49 64 133 141
49 92
49 92
41 49 133
25 49 64 133 141
41 49 65
50 51 127
50 104
23 50
23 50
23 50
23 50
23 50 86
50 86
50 86
50 82
50 131
50 131
50 131
50 131
50 131
50 131
50 99
50 138
50 138
50 86
50 99
23 50
50 99
50 99
23 50
6 50
50 138
23 50
50 86
50 131
50 104
50 82
50 132
50 132
50 58 132
50 86
50 86
23 50
23 50
23 50
50 132
50 131 132
50 132
50 86
50 86
50 86
23 50
23 50
50 138
50 86
23 50
50 86
50 86
23 50
50 138
23 50
23 50
23 50
50 132
50 132
50 132
50 86
50 132
50 132
50 86
23 50
50 86
50 132 138
50 86
50 132
50 86
50 86
50 132
50 132
50 132
50 132
23 50
50 86
23 50
23 50
50 132
50 113
50 86
23 50
23 50
50 132
23 50
50 86
50 79 113 131
23 50
23 50
23 50
50 132
50 138
23 50
23 50
50 132
23 50
23 50
23 50
23 50
23 50
23 50
50 86
50 132
23 50
50 86
50 86
50 86
50 132
50 86
50 86
23 50
23 50
50 79
23 50
50 86
23 50
23 50 86
23 50
50 132
50 86
50 86
23 50
23 50
50 86
23 50
43 51
51 127
51 127
51 127
43 51
51 127
51 127
5 43 51 110 127
43 51
51 124
51 127
5 51
5 43 51 110 127
5 43 51 110 127
5 43 51 110 127 131
51 127
51 127
51 127
5 43 51 110 127
5 43 51 110 127
5 43 51 110 127
51 127
51 100
43 51
5 43 51 110 127
51 110
5 43 51 110 127
51 127
51 127
51 100 127
5 43 51 110 127
51 110
51 57
5 43 51
51 57
43 51
5 51
5 43 51
51 110 127
5 43 51 59 110 127
5 43 51
5 43 51
5 43 51 110 127
51 110
51 110
23 51 110
51 110
51 127
51 127
51 110
51 127
23 51 110
51 53
51 110
51 110
51 110
51 110
51 110
51 127
51 127
5 43 51 110 127
5 23 43 50 51 86 100 110 127
51 127
43 51
5 43 51 110 127
5 43 51 110 127
51 127
51 127
51 127
51 127
51 127
43 51
23 51 100 127
51 127
51 127
51 127
51 127
51 127
51 127
51 127
51 127
51 127
51 100
51 127
43 51
51 127
51 110
51 57
51 127
5 51
51 127
51 127
51 127
51 127
51 127
51 127
5 43 51
51 127
51 110
5 43 51 110 127
51 110
23 51 127
23 51 127
23 51
23 51
5 43 51
51 127
23 51 127
23 51 127
23 51 100 127
23 51 100 127
23 51 100 127
39 51
23 51 100 127
23 51 100 127
23 51 127
23 51 100 127
51 127
51 110
23 51 100 127
51 100
23 51 100 127
23 51 100 127
23 51 100 127
51 127
23 51 100 127
51 127
5 43 51 110 127
23 51 100 127
23 51 100 127
51 127
23 51 100 127
23 51 100 127
23 51 100 127
23 51 100 127
23 51
23 51 100 127
23 51 100 127
5 43 51 110 127
5 43 51
23 51 100 127
23 51 100 127
51 125
23 51 100 127
51 110
5 43 51 110 127
51 125 143
23 51 100 127
51 127
23 51 100 127
23 51 100 127
50 51
23 51 100 127
51 110 127
23 51 100 127
23 51
23 51
5 43 51 110 127
23 51 100 127
23 51 100 127
51 125 143
23 51 100 127
23 51 100 127
51 127
51 127
23 51 100 127
51 127
23 51 100 127
51 110
51 127
51 57
23 51 100 127
23 51 100
23 51 100
43 51
5 43 51 110 127
51 110
23 51 100
23 51 100
5 23 43 51 110 127
23 51 100
23 51
23 51 100
23 51 100
23 51 100
43 51
5 43 51 110 127
23 51 100
23 51 100
5 43 51 110 127
23 51 100
23 51 100
19 51 125 143
23 51 100
23 51 100
23 51 100
51 57 127
23 51 100
51 127
51 57 127
23 51 100
51 127
43 51
51 127
5 43 51 110 127
23 51 100
51 127
23 51 100
5 43 51 100 110 127
23 51 100
23 51 100
23 51 100
43 51 57 127
23 51 100
51 127
23 51 100
19 51 125 143
5 43 51 110 127
23 51 100
5 43 51 110 127
5 43 51 110 127
5 43 51 110 127
51 127
23 51
23 51 100
23 51
51 127
23 51 100
23 51 100
23 51 100
5 43 51 110 127
23 51 100
51 127
5 43 51 110 127
5 43 51 110 127
5 23 43 51 110 127
43 51
43 51
5 51 110 127
51 110 127
43 51
51 127
5 51 110 127
5 51 110 127
43 51
43 51
23 43 51 100
5 51 110 127
51 127
51 127
23 43 51 100
43 51
43 51
5 51 110 127
23 43 51 100
23 43 51 100
23 43 51 100
5 51 110 127
23 43 51 100
23 43 51 100 127
23 43 51 100
23 43 51 100
43 51
51 110
23 51
23 43 51 100
23 51
23 43 51 100
51 127
51 127
23 43 51 100
23 43 51 100
23 43 51 100
23 43 51 100
5 51 110 127
23 43 51 100
23 43 51 100
51 57
5 51 110 127
23 43 51 100
51 127
51 57
23 43 51 100
5 51 110 127
5 51 110 127
5 51 110 127
5 51
23 43 51 100
23 51
51 57
23 43 51 100
5 51 110 127
23 43 51 100
51 110 127
5 51
23 43 51 100
5 51 110 127
23 43 51 100
23 43 51 100
23 43 51 100
51 57
51 57
51 57
23 43 51 100
23 43 51 100
51 110
5 51 110 127
51 127
23 43 51 100
51 125
5 50 51 110 127
51 110
51 100
23 43 51 100
23 43 51 100
51 127
23 51
43 51
23 43 51 100
51 127
5 51 110 127
23 43 51 100
51 110
51 57
39 51 127
5 23 43 50 51 100 110 127
43 51
23 43 51 100
43 51
5 51 110 127
5 51
42 51
43 51
23 43 51 100
43 51
43 51
51 127
23 43 51 100
43 51
51 110
51 110
23 43 51 100
23 43 51 100
23 51
5 51 110 127
23 43 51 100
23 51
51 57
51 57
51 57
23 43 51 100
23 43 51 100
5 51 110 127
23 43 51 100
5 51 110 127
23 51
51 127
51 127
5 51 110 127
23 43 51 100
51 110
5 51 110 127
51 57
23 43 51 100
51 57
23 43 51 100
51 57
51 127
23 43 51 100
23 43 51 100
23 51
23 43 51 100
23 43 51 100
23 43 51 100
51 57
51 127
23 43 51 100
43 51
43 51
43 51
51 57
5 51
5 51 110 127
23 43 51 100
23 43 51 100
23 43 51 100
51 57
23 43 51 100
23 43 51 100
51 110
23 43 51 100
23 43 51 100 127
23 43 51 100
23 43 51 100
23 43 51 100
23 43 51 100
51 57 142
51 57
23 43 51 100
23 43 51 100
5 51 110 127
5 51
5 51 110 127
23 43 51 100
23 51
23 43 51 100
50 51
51 57
51 57
23 43 51 100
5 51 110 127
51 127
23 43 51 100
23 43 51 100
23 51
23 43 51 100
5 51 110 127
51 57 142
23 43 51 100
5 51 110 127
51 110 127
5 51
51 57 142
51 100
23 43 51 100
5 51 110 127
23 43 51 100
51 57 142
5 51
51 127
23 43 51 100
23 43 51 100
23 43 51 100
23 43 51 100
43 51
43 51
5 51 110 127
5 51 83
5 51 83 110
23 43 51 100
5 51 83
23 43 51 100
23 43 51 100
5 51 83 110 127
23 51
23 51
5 51
23 43 51 100
23 43 51 100
51 110
5 51 83 110 127
51 127
23 43 51 100
51 83
23 43 51
43 51
23 43 51
23 43 51
23 43 51
5 51 83 110 127
23 43 51
23 43 51
5 51 83 110 127
23 43 51
51 127
23 43 51
51 127
23 43 51
51 110 127
23 43 51
5 51 83 110 127
51 127
23 43 51
23 51
2 51 89 111
23 43 51
50 51
23 43 51
50 51
51 127
23 43 51
23 43 51
19 51 89 125 143
23 43 51
43 51
43 51
23 43 51
23 43 51
23 43 51
51 127
51 110 127
5 51
23 43 51
23 43 51
23 43 51
51 127
43 51
43 51
51 127
51 110
51 110
51 110
23 43 51
23 43 51
43 51
23 43 51
51 110
51 110 127
23 43 51
51 110
23 43 51
5 51 83 110 127
5 51 83 110 127
51 127
23 43 51
5 51 83 110 127
5 51 83
51 110
5 51 83 110 127
51 110
23 43 51
23 43 51
5 51 83 110 127
43 51
23 43 51
23 43 51
51 110
23 43 51
23 43 51
19 51 125 143
23 43 51
5 51
43 51
23 43 51
43 51
23 43 51
5 51 83 110 127
51 110 127
51 127
23 51 127
5 51 83 110 127
23 43 51
23 43 51
51 127
23 43 51
5 51 83 110 127
43 51
43 51
51 110
51 127
51 57
51 57
23 43 51
23 43 51
5 51 83 110 127
51 110 127
51 110 127
23 43 51
51 127
51 110
5 51 83 110 127
5 51 83
5 51 110
23 43 51
23 43 51
51 57 142
5 51 83 110 127
23 43 51
23 51
51 127
51 127
23 43 51
23 43 51
51 127
23 43 51 127
51 57 142
23 43 51
51 57 142
23 43 51
23 43 51
23 43 51
5 51 83 110 127
23 43 51
43 51
51 83
23 43 51
43 51
5 51 83 110 127
43 51
23 43 51
23 43 51
5 51 83
51 57 142
23 43 51
43 51
43 51
5 51 83 110 127
23 43 51
51 57 142
23 43 51
23 43 51
5 51 83 110 127
51 127
23 43 51
23 43 51
51 57 142
5 51
23 43 51
23 43 51
2 51 68 91
43 51 127
23 43 51
51 57 142
51 57 142
5 51 83 110 127
51 57 142
23 43 51
43 51 127
43 51
43 51
5 51 83 110 127
5 51 83
5 51 83 110 127
43 51 127
23 43 51
5 51
51 110
51 110
23 43 51
43 51
51 110
43 51
43 51 127
5 51
5 51
51 57 142
51 127
23 43 51
23 43 51
51 57 142
51 57 142
51 110 127
23 43 51
43 51
51 83
5 51 83 110 127
51 110 127
51 110
5 51 83
51 110
5 51 83 110 127
51 127
23 43 51
5 51
23 43 51
51 127
23 43 51
23 43 51
23 43 51
43 51
43 51
23 43 51
51 100 127
5 51
51 127
51 57 142
5 51 83 110 127
51 110
51 110
23 43 51
51 127
51 110
23 43 51
51 127
5 51 83 110 127
51 57 142
51 57 142
43 51
51 57 142
43 51
43 51
43 51
43 51
5 51 83
43 51
43 51
43 51
43 51
43 51
51 104
51 57 142
51 127
43 51
43 51
5 51 83 110 127
51 127
5 51 83 110 127
5 51 83
43 51
43 51
43 51
51 57 142
43 51
43 51
43 51
43 51
43 51
43 51
43 51
51 57
51 83
51 110
51 127
43 51
43 51
51 127
51 127
5 51 83 110 127
51 110
43 51
51 83
51 83
5 51 83 110 127
51 127
51 138
5 51 83
43 51
43 51
51 110
43 51
43 51
43 51
51 127
43 51
5 51 83 110 127
43 51
2 51 91
5 51 83 110 127
43 51
5 51 83 110 127
43 51
23 51 127
43 51
51 127
23 51 127
51 127
43 51
43 51
43 51
43 51
23 51 127
5 51 83 110 127
51 127
43 51
43 51
5 51 83 110 127
51 110
51 69
5 51 83 110 127
5 51 83
5 51
5 51 83 110 127
51 110
51 138
51 110
43 51
51 83
43 51
43 51
51 142
51
43 51
5 51 83 110 127
43 51
43 51
51 83
23 51 127
43 51
51 110
5 51 83 110 127
43 51
5 51 83 110 127
5 51 83 110 127
51 100
43 51
51 127
43 51
43 51
51 127
51 127
43 51
43 51
51 110 127
43 51
5 51 83
23 51
51 127
43 51
51 110
51 110
2 51
51 83
51 83
2 51 91
43 51
51 57
2 51 91
43 51
2 51 57
51 110
51 83
2 51 91
43 51
2 51 91
43 51
2 51 91
43 51
2 51 91
51 110
5 51 83 110 127
43 51
5 51 83 110 127
51 127
5 51
43 51
43 51
2 51 91
43 51
43 51
43 51
2 51 91
51 83
5 51 83 110 127
43 51
43 51
51 127
43 51
43 51
43 51
43 51
51 127
51 127
51 127
43 51
43 51
51 110 127
43 51
51 127
43 51
51 83
43 51
51 127
43 51
51 138
51 110
51 138
5 43 51 83 110 127
43 51
43 51 127
43 51
51 142
43 51
43 51
43 51
43 51
43 51
5 43 51 83 110 127
43 51
2 51 91
43 51
43 51
5 51 83 110 127
43 51
2 51 91
43 51
43 51
43 51
2 51 91
5 43 51 83 110 127
43 51
43 51
43 51
43 51
43 51
5 51 83 110 127
43 51
51 127
43 51
43 51
5 51
5 43 51 83
51 110
5 51
5 51 83 110 127
51 127
2 51 91
5 43 51 83 110
5 43 51 83 110
2 51 91
51 83
2 51 91
51 83
51 83
51 83
51 83
5 43 51 83
5 43 51 83 110
51 83
51 83
43 51
51 110
51 83
51 83
43 51
43 51
43 51
43 51
43 51 86
51 83
43 51
51 83
2 51 91
2 51 91
51 83
2 51 91
51 83
2 51 91
51 100
51 83
51 83
51 83
51 83
5 51 83
43 51 110
2 51 91
5 43 51 83
51 83
52 135
52 135
52 135
52 112
52 112
52 57
3 52
52 57
52 133
15 52
11 52
52
39 52 53
52 120
52 57
52 57
39 52
52 135
52
32 52
3 52
3 52
52 114
52
3 52
11 52
52 135
52 135
52 135
21 52
52
52 89
2 52
52 114
52
52 135
52 60
8 52
39 52
52
52
52
52
52 135
11 52
52 59 111
52 59
21 52
52 57
52 89
52 89
52 111
52 114
52
52 135
39 52
52
52 59
52 133
52 59
52 111
52 111
52
52 134
52 133
52 111
52 59
52 111
52 59
52 53
52 53
52 120
52 114
52 114
52 134
52
52 111
52 57
52 113
52 107 113
52 135
52 89
11 52
11 52
11 52
52 111
52
52
52
52
52
52 59
52 134
52 57
52 57
52 111
52 59
21 52
52 57 135
52
52 107
21 52
52
52 59
11 52
52 111
52 135
8 52
52 114
52 59
8 52
52 98
11 52 111
52
2 52 57 124
8 52
52 133
52 59
52 111
52
52 111
52 111 135
52 111
52 111
52
52 135
52 135
52
52 111
52 135
52 111
52 142
52 142
52
52
52 133
52
52
52 133
48 52 72
48 52 72
52 133
52 133
52 57 135
52 57 135
53 112
53 60 114
53 112
53 112
53 120
53 112 120
53 112
53 112
53 114
53 112
21 53
53 112
53 112
53 112
53 112
53 111
22 53
53 112
53 120
53 112 120
18 53
53 112
53 112 120
15 53
53 112 120
53 112
53 112 120
53 112 120
53 112
53 120
18 40 53
18 53
53 112
18 53
53
18 53
18 53
53 120
53
53 112
48 53
18 53
53 112
18 53
53 135
18 53
53 112
53 73
18 53
18 53
53 135
18 53
53 120
40 53 120
53 120
53 112
18 21 40 53 59 112 120 135
39 53
53 112
11 53
53 120
18 40 53 112 120
18 53
18 53
53 112
53 112
53 114
21 53
18 53
18 53
40 53
53 112 120
18 40 53
53 60
53 104
53 60
53 135
21 53 59
53 112
18 53
53 60
53 112
53 112
53 112
18 53
53 112
1 18 53 112 120
18 53
53 60
53 60
53 60
53 60
1 4 18 40 53 112 120
14 53
18 53
18 53
18 53
53 112
18 53
18 53
18 53
18 53
15 53
15 53
15 53
53 120
53 112
53 112 120
18 53
1 4 11 21 37 39 40 53 59 60 114 120 135
1 39 53 81 120
53 60
18 53
18 53 112 120
18 53
18 53 112 120
53
18 53 112 120
53 60
18 53
53 60
15 53 120
53 120
53 112
53 111
18 53 112 120
53 112
53 120
18 53
15 53
18 53
18 53
53 120
53 120
18 53
18 53
18 53
18 53
15 53
53 112
53 112
22 53
53 60
11 53 60 114
53 73
53
18 53
53 114
18 53
15 53
53 60
18 53 112 120
53 112
42 53
53 73
53 59
53 104
53 104
53 120
18 53 120
18 53
53 128
53 112
53 112 120
18 53
53 112
53 112
14 53
22 53 112
53 120
53 114
53 60 114
53 112
22 53 60 114 135
53 59 114
53 135
53 112 120
53 60
18 53
18 53
53 112
53 112
53 112 120
53 120
53 120
18 53 112 120
53 120
53 120
18 53 112 120
53 112
53 112
53 112
18 53
53 112
18 53
18 53
18 53
39 53 57 59 60 104 114 135
39 53 57 59 60 104 114 135
18 53
18 53
54 111
54 111
54 111
54 71
2 54
54 57
54 57
54 57
44 54
6 54
6 54
37 54 58
54 71
54 127
54 74
54 74
55 76
55 76
55 76
55 76
55 76
55 76
37 55
37 55
55 76
37 55
37 55
55 76
55 76
37 55
55 76
55 76
55 76
55 76
55 76
37 55
55 97
55 76
55 76
27 37 47 55
55 76
47 55
13 26 56
56 90
34 56
34 56
34 56
7 56
2 3 19 37 57 81 125 131 137 142 143
57 73
57
57 59
14 57
8 57
57 131
57
57 59
57 59
2 3 19 37 57 81 125 131 137 142 143
19 57
57 59
57
57 131
57 59
57 59
57 59
57 59
57 59
57 131
57 123
57 59
57 59
57 135
21 57 59 72 73
57 59
8 57
57 59
14 57
57 59
57
57 131
57 59
57 59
57 59
57 59
57 59
57 59
57
57 59
57 112
57 142
57 59
57 142
57 59
57 59
57
57 59
57
57 135
57 59
57 59
57 59
57 59
57 142
2 57
57 59
57 131
57 131
57 131
57 59 135
11 57
57
57 59
57 135
57 59
57 59
57 59
57
57 112
57 59
57 59
57 60
57 59
57 59
57
57 59
57 59
37 57
8 57
8 57
57 59
57 59
8 57
2 3 8 11 19 37 57 81 125 131
57 59
57 123
57 59
57 135
8 57
57 123
57
57 100
57
57 59 135
57
2 37 57 81 131 143
43 57
11 57
14 57 59
8 57
11 57
8 11 57 59 142
2 8 11 37 57 81 131 143
8 11 57 59 142
57 100
57 100
57 100
11 57 142
8 57
57 59
37 57
8 57
2 8 11 37 57 81 131 143
8 57
8 57
57 59
8 57
57 100
57 100
8 57
8 57
8 11 57 59
57 59
8 11 57 59
57 59
8 57
3 57
57 59
8 11 57 59
57 59
57 59
2 8 11 37 57 81 131 143
57
57 59
57 59 135
57 59
57 59
57 59
57 59
57 59
57 59
57 59
57
57 59
57 59 135
57 59
57 59
57 135
57 59 135
57 59 135
57 59
57 135
57 59
57 59
57 59
57 59 135
57 59 135
57 135
57 120
57 59 135
57 59
57 135
57 59
57 135
57 59 135
8 37 57 59 81 131 135 143
57 59 135
57 100
57 135
57 59
57 59
57 135
8 57
8 57
57 135
57 135
43 51 57 100
58
17 58
58 61 93
37 58 61
58 61
58 116
58 124
37 47 58 61 93 108
58 118
58 132
58 132
37 58
17 58
37 58 61 93 103
17 58
17 58
37 58
37 58
37 58
6 58
58 116 123
17 58
58 93
59 75
59 135
59 111
59 75
59 75
59
57 59
21 59
59 89
21 59 89
21 59
59 111
21 59
21 59
11 59
59 75
39 59
59 89
21 59
59 75
59 143
59 131
21 59
21 59 89
21 59
21 59
59 111
11 21 59
21 59
11 59
11 59
21 59
11 59
21 59
59 89
21 59
1 2 19 59 70 81 89 111 113 124 143
21 59
21 59
11 59
52 59
21 59
11 59
11 59
26 59
59 112
21 59 111
21 59 89
1 8 21 59 89 111 113
59 124
59 111
21 59
11 59
59 89
11 59
59 111
21 59
59 89
59 135
11 59
11 59
11 59
11 59
59 107
21 59
59 135
59 111
59 113
39 59
59 89
21 59
59 81
21 59
59 91
11 53 59 114
2 59
21 59
11 59
52 59
1 59
59 111
1 59
59 124
21 59
59 142
11 59
11 59
57 59
37 59
59 89
11 59
2 59
21 59
59 89
59 135
11 59
2 59
59 120
59 111
59 143
2 59
21 59
1 2 8 59 81 89 113
59 89
59 120
59 89
21 59
21 59
1 59
59 89
1 59
59 89
59 81
59 81
21 59
59 142
21 59
59 75
2 59
59 75
2 59
2 59
2 59
59 131
59 89
59 89
2 59
2 59
2 59
59 131
2 59
1 2 8 9 13 19 37 47 59 70 75 81 89 107 123 124
21 59
59 60
59 142
59 60
59 142
59 131
59 135
59 112
59 142
59 89
59
2 59
59 135
59 112
59 142
59 89
59
2 59
2 59
2 59
2 59
2 59
2 59
2 59
11 59
11 59
2 59
21 59
52 59
2 59
52 59
59 89
21 59 89 135
59 89
59 89 135
59 142
21 59
59 142
59 142
59 142
21 59
11 59
11 59
21 59 135
2 59
59 89
39 59
2 59
59 135
2 59
59 89
39 59
2 59
59 113
59 113
21 59
21 59
39 59
21 39 59
11 59
39 59
39 59
11 59
2 59
2 59
2 59
2 59
2 59
2 59
11 59
11 59
2 59
59 89
59 89
2 59
59 89
59 89
11 59
59 135
11 59
59 135
59 135
59 135
2 59
2 59
2 59
2 59
2 59
21 59
21 59
2 59
26 59
26 59
26 59
59 135
26 59
59 135
2 59
2 59
2 59
11 59
11 59
21 59
59 89
2 59
59 89
59 89
2 59
59 89
59 107
59 107
1 59
1 59
21 59
2 59
2 59
2 59
48 59
48 59
37 59 81
59 135
59 135
59 131
48 59
2 59
59 112
59 75
59 135
59 125
2 59
59 60
57 59
11 59
59 135
2 3 7 8 11 19 21 22 34 37 42 48 55 57 59 60 61 72 73 76 81 87 91 93 94 97 98 103 116 122 125 131 135 137 140 142 143
8 60 112
8 11 21 22 42 48 57 59 60 72 73 112 135
14 60
1 61
61 94
61 94
61 94
1 27 37 58 61 93 118 128
61 94
6 61
61 94
1 61
61 93
6 61
61 66
4 61 94
6 61 66
6 27 58 61 93
61 67 93
6 61
61 67
6 61
61 94
61 93
61 67
61 67
6 61
6 61
61 66
61 66
6 61
61 66
61 66
61 93
6 61
61 66
61 93
61 66
61
6 58 61 66 93
61 66
6 61
6 61
58 61 67
58 61 67 93
6 61 66
61 66
61 67
61 67
6 61
6 61
37 61
6 61
61 66
61 93
37 61
58 61
6 61
61 94
6 58 61 93
61 93
6 61
61 94
61 93
6 27 58 61 67 93 118
6 61
6 61
4 61
1 61
6 61
6 61
61 93
61 67
61 67
61 93
6 58 61 66 67 93
61 93
61 94
61 94
61 94
61
61 94
6 61 66 67 93
37 61
61 140
58 61
58 61
6 58 61 66 93
6 61 108
6 61
61 93
6 61
61 93
61
6 61
61 94
6 61
6 61
6 61
6 61
6 58 61 67 93 108
6 61 67
1 61
61 66
58 61 67 93 108
37 61
1 37 61
61 93
27 61
61 67
61 66
61 66
61
6 61
6 61
6 61 108
6 61
6 61 108
61 93
61 93
6 61 108
61 94
61 94
6 61
61 93
1 27 37 47 58 61 67 103 118 128
61 116
61 67
6 61 108
6 61 108
6 61 108
6 61
61 67
61 67
6 61
1 6 27 37 47 58 61 103 108 116 118 128
6 61
61 93
61 66
61 93
61 118
61 93 118
6 61
37 61
37 61
61 67
37 61
61 66
61 93
61 67
6 61
6 61 67 93
37 61
37 61
61 118
6 61
6 61
61 93
61 108
61 93
61 108
61 116
61 116
6 58 61 67 93 108
6 58 61 67 93 108
6 61
6 61
61 93
6 61
6 61
61 93
61 93
61 93
61 108
61 108
61 108
61 108
61 93
61 93
27 61
37 61
27 61
37 61
37 61
61
37 61
61
61
58 61
6 61
6 61
6 61 93
26 61
37 61
26 61
61 80
37 61
6 61
37 61
37 61
37 61
6 61
6 61
6 61
6 61
55 61
55 61
6 61
6 61
37 61
6 61
58 61
61 140
61 140
6 61
61 62
62 113
49 64
49 64
49 64
25 64
41 49 64
15 64
49 64
49 64
49 64
49 64
49 64
49 64
64
64 108
25 41 49 64
64 133
49 64
25 64
49 64
49 64
25 64
49 64
25 41 49 64
41 64
49 64
49 64
49 64
49 64
49 64
25 41 49 64
41 64
25 41 49 64
25 41 49 64
25 41 64 133 141
15 41 64
15 64
15 41 64
41 64 133 141
25 41 64 133 141
64 133
32 64
25 41 64 133 141
25 64 133
25 41 64 133 141
64 133
25 41 64 133 141
18 64
25 41 64 133 141
25 41 64 133 141
25 41 64 133 141
64 65 92
64 133 141
25 41 64 133 141
64 141
25 41 64 133 141
64 106
25 41 64 133 141
64
25 41 64 133 141
25 41 64 133 141
64 72
25 41 64 133 141
49 64
64 92
25 41 64 133 141
64 133
64 65 92 133 141
25 41 64 133 141
64 106
64 141
25 41 64 133 141
64 106
15 64
41 65
15 65
30 65
12 65 133
15 65
32 65 92 133
41 65 92
15 65
15 65
65 133
41 64 65 92 133
64 65 92
32 65 133
25 32 65 141
65 92
25 32 65 141
15 65
25 41 65 92 106 133
65 92
55 66
66 123
66 123
55 66
6 61 66
6 66
6 66
6 66
66 123
66 123
6 66
66 123
6 66
55 66
66 123
61 66
62 66
55 66
55 66
6 66
35 66
35 66
6 66
6 66
35 66
6 66
55 66
62 66
55 66
6 66
6 66
35 55 66 140
35 66
6 66
6 61 66
6 66
6 61 66
35 55 66
55 66
6 66
35 66 140
35 66 140
66 97
35 66
55 66
35 66
35 66
35 66
55 66
66 99 123 138
61 66
6 66
55 66
66 103
35 55 66
55 66
6 66
6 61 66
61 66
61 66
6 66
6 66
6 66
35 55 66
35 55 66
35 66 140
66 140
35 66 140
55 66
66 140
6 17 55 61 66 76 140
66
6 58 61 66 76 128 140
6 61 66 140
35 66
6 58 61 66 76 128 140
6 66
6 61 66
66 79
35 66
6 58 61 66 76 128 140
6 61 66
35 66
66 140
6 35 61 66
35 66
2 68
68 71
2 68
36 68
69 104
69 104
69 104
69 104
69 104
69 104
69 104
69 110
69 110
69
69 110
69
39 69
69 83
39 69
14 69
69 100
69 104
69 104
69 127
69 127
14 69
69 104
69
39 69
69 100
69 100
69 104
69
51 69
69 120
69
69
69 139
69 139
69 139
69
69 139
69 139
23 69 100
69 100
69 139
69 139
69 139
69 139
69 100
69 139
69 139
69
69 139
69 139
69 139
69
69 100
69 100
69 100
69 100
23 69
23 69
69 100
69
69 100
69 139
69 86
69 139
69 100
69
69 100
69 100
69 100
69 100
69 100
69 100
69 100
69 100
69
69 86
69 82
30 69
69 100
59 70
59 70
70
70
70
70
70
70
70
54 71
8 71 76 108
71 124
1 2 8 54 57 59 71 81 108 113
2 36 68 71
37 71
36 71
68 71
68 71
36 71
36 71
71 142
36 68 71 142
71 91
41 72
42 72
41 42 72
30 41 72
30 41 72
48 72
48 72
48 72
48 72
48 72
41 72
42 72
15 72
15 72
42 72
42 72
30 41 72
15 72
48 72
15 72
42 72
42 72
48 72
48 72
48 72
30 72
30 48 72
48 72
48 72
42 72
42 72
60 72
42 72
30 72
42 72
42 72
41 72
41 72
42 72
41 72
3 57 73
73 135
3 57 73 135
73 135
3 57 73
73 135
73 135
57 73
73 135
57 73
73 135
57 73
57 73
57 73
73 111
57 73
73 111
73 111
8 73
21 73 111
73 111
73 111
73 111
73 111
73 111
73 111
73 142
73 111
73 111
73 111
8 73
73 111
73 111
73 111
73 111
73 111
73 111
73 111
39 73
73 111
73 111
73 111
57 73
21 59 73
73 111
8 52 73 111
73 111
73 111
73 111
73 111
73
73 114
21 57 59 73 111 135
11 53 73
53 73
73 111
73 111
73 111
73 111
73 111
73 111
73 111
73 111
73 111
73 111
73 111
73 111
73 111
73 111
73 111
73 135
73 111
73 111
73 111
73 111
73 111
72 73
73 111
73 111
73 111
73 111
73
73 111
57 73
57 73
53 73
53 73
60 73
73 114
21 48 73
57 73
73 111
59 73
60 73
73 111
60 73
73 111
73 111
57 73
73
73 111
73 111
11 73
73 111
73 111
71 74
2 75
59 75
17 75
75 81
26 75
75 143
75 81
68 75
55 75
55 75
59 75
59 75
55 75
55 75
59 75
59 75
59 75
59 75
75 87
59 75
59 75
59 75
59 75
75 87
74 75
59 75
75 81
59 75
59 75
59 75
59 75
26 75
59 75
2 9 36 47 59 68 74 75 81 87 123 131
59 75
75 87
74 75
59 75
46 74 75 81 95
75 81
59 75
59 75
75 81
75 81
26 75
75 81
75 130
75 130
75 130
76 91
76 91
76 108
76 108
76 91
76 91
36 76
76 91
76 91
76 91
76 91
76 91
76 91
55 76
55 76
76 108
55 76
76 91
35 55 66 76
36 76
2 76
2 76
2 76
2 76
76 91
76 108
2 76
2 76
2 76
76 108
55 76
2 68 76
36 76
36 76
76 91
36 76
76 91
55 76
36 76 91
36 76
2 36 68 71 76 91
55 76
2 36 68 71 76 91
2 36 68 71 76 91
36 76
55 76
2 36 68 71 76 91
55 76
2 36 68 71 76 91
55 76
76 142
2 36 68 71 76 91
55 76
2 36 68 71 76 91
2 36 68 71 76 91
55 76
2 36 68 71 76 91
2 36 68 71 76 91
2 36 68 71 76 91
2 36 68 71 76 91
2 36 68 71 76 91
2 36 68 71 76 91
2 36 68 71 76 91
2 36 68 71 76 91
36 76
2 36 68 71 76 91
55 76
2 76
2 36 68 71 76 91
2 36 68 71 76 91
2 36 68 71 76 91
2 36 68 71 76 91
55 76
76 142
77 115
78 115
78 139
78 139
78 139
79 113
79 99
79 138
79 127
79
24 79
79 99
79 99
79 113
79 113
79
50 79
79 99
66 79
66 79
10 81
10 81
74 81
33 81
81 111
1 70 81 113
57 81
81 113 124
1 81
74 81
59 81
1 10 37 62 70 74 81 113 124
62 81 113
2 59 68 81
54 81
1 2 37 54 62 68 74 81 113 124
59 81
1 37 62 81 113 124
1 2 10 54 68 70 71 74 81 107 113 124
10 33 44 74 81 85 95 130
10 81
81 134
1 2 10 54 68 70 71 74 81 107 113 124
1 2 70 81 107 113 124
81 86
81 86
81 86
1 2 10 37 70 74 81 107 113 124
1 81
1 81
33 81 130
1 2 10 37 54 68 70 71 74 81 113 124
81 85 95
10 54 81
10 54 74 81
54 81
10 44 81 95
10 44 74 81 95
81 113
44 81 85 95
81 107
21 59 81
1 37 81
33 81
21 81
62 81 113
1 2 10 37 54 59 62 70 74 81 107 113
1 81
36 81
81 113
1 81
46 81
55 81
55 81
33 81
81 95
54 74 81 95 130
74 81
59 81
81 85 95
54 74 81 95 130
81 95
10 54 74 81
46 81
81 113
81 113
1 81
81 113
62 81
10 33 44 46 54 74 81 85 87 95 130
81 113
62 81
10 33 44 46 54 74 81 85 87 95 130
70 81
70 81
62 81 113
62 81 113
59 81
59 81
55 81
55 81
44 81
44 81
59 81
37 81
37 81
75 81
37 81
46 81
46 81
59 81
37 81
75 81
75 81
57 81
33 81
81 95
75 81 95 130
37 81
75 81
8 81
81 95
75 81 95 130
75 81 95 130
37 81
75 81
75 81 95
75 81
82 108
82
82 108
82 108
82 108
82 108
82 108
82 108
82 108
82 108
30 82
30 82
30 82
30 82
30 82
30 82
82 107
50 82
50 82
50 82
65 82
46 82
82
82 107
82 108
30 82 108
82 108
82 108
82 108
82 108
82 107
82 107
82 107
82 108
82 108
82 137
82 108
46 82
82 108
82 104
82 104
82 137
82 137
82 108
82 108
82 108
82 107
82 104
82 137
82 108
67 82 119
67 82
67 82
82 137
67 82 137
67 82 137
67 82 137
82 137
82 137
82 137
82 137
82 127
82 137
82 137
82 127
82 127
82 127
82 127
33 82
33 82
33 82
82 137
82 137
82 137
67 82
82 137
50 82
82 137
82 137
82 137
82
82 137
65 82
50 82
82 137
82 137
82 86
51 82
82 86
82 137
82 137
82 137
82 137
82 137
82 137
46 82
82 137
82 137
82 137
82 137
82 86
82 137
82 119 137
82 137
82 137
82 137
67 82
82 137
67 82 137
82 131 137
46 82
82 86
82 86
82 86
67 82 137
82 137
82 86
82 91
82 131
82 86
82 131
82 131
46 82
82 131
82 119 137
82 119 137
82 119 137
82 131
82 131
82 131
82 131
82 86
82 131
82 131
82 131
82 131
82 131
82 131
82 131
82 131
82 86
82 131
82 131
82 137
67 82
67 82
82 131
82 138
82 137
82 86
67 82
82 137
67 82
82 86
82 86
82 131
82 131
82 131
82 131
82 131
82 131
82 137
82 137
82 86
82 132
82 132
82 132
67 82 137
82 137
82 132
82 100 127
67 82 137
82 131 132
82 132
82 131
82 131
67 82
67 82 137
82 132
82 131
67 82 137
82 131
82 131
82 137
67 82 137
82 131
82 137
67 82 137
82 86
82 86
82 131 132
82 86
82 131
82 131
82 131 132
82 86
82 131
82 131
82 131 132
82 137
82 131 132
82 137
82 132
82 131
82 131
82 132
82 131
82 131
82 86
82 131
82 86
82 131
82 132
82
67 82
82 131
82 137
82 137
67 82
82 137
82 86
82 86
82 131
82 131
82 131
82 131
82 131
82 86
67 82
82 86
67 82
82
82 86
82 86
82 86
82 137
82 137
82 137
82 137
82 131
82 137
82 137
82 137
82 86
82 137
82 137
82 137
82 137
82 137
82 131 137
82 86
82 131
82 86
82 137
82 86
82 86
82 137
82 86
82 86
82 137
82 86
82 131
82 110
82 131
82 83
6 84
6 84
50 84
6 84
6 84
6 84
82 84
6 84
82 84
69 84
33 84
33 84
33 84
33 84
33 84
33 84
23 85
23 85
23 85
33 85
5 86
23 86
23 86
23 86
23 86
23 50 86
23 50 86
86 99
86 99
86 99
86 99
43 86
86 99
86 99
86
23 86
86
86
23 86
23 50 86
23 86
23 86
86 99
23 86
23 86
23 86
86 99
5 23 86
23 50 86
23 86
50 86
23 50 86
86 99
23 86
23 86
23 50 86
74 86
50 86
23 86
23 50 86
82 86
86
50 86
23 50 86
23 50 86
23 86
23 86
86 137
82 86
82 86 137
86 137
23 86
23 86
23 86
74 86
23 86
86 137
81 86
50 86
23 50 86
23 50 86
81 86
86 137
23 86
86 137
86 137
81 86
50 86
23 50 86
23 86
86
86
50 86
23 86
50 86
23 50 86
86
23 50 86
50 86
23 86
86
50 86
50 86
23 86
23 86
50 86
82 86
86
50 86
86 138
50 86
50 86
50 86
23 86
23 86
50 86
23 86
86 138
50 86
50 86
50 86
50 86
86 138
86 138
50 86
50 86
50 86
50 86
86 138
50 86
86 138
23 86
50 86
86 138
86 138
50 86
86 138
50 86
23 86
23 86 138
23 50 86
50 86
50 86
50 86
86 138
67 86
50 86
50 86
67 86
86 138
67 86
50 86
67 86
86 138
23 50 86
50 86
23 86
86 138
82 86
23 50 86
23 86
23 86
50 86
50 86
86
23 86
86 138
82 86
50 86
23 86
86 132
86 132
86 132
86 132
86 132
5 86
86 132
86 132
82 86
23 50 86
86 138
86 132
86 138
86 138
82 86
23 86
23 86
23 86
82 86
23 86
86 132
86 132
86 138
50 86
86 138
86 138
86 138
23 50 86
86 138
23 86
23 50 86
50 86
82 86
82 86
23 86
50 86 132 138
86 119 137
50 86
69 86
86 119
50 86
50 86
86 119
82 86
86 119
86 119
86 138
50 86
86 138
86 119
50 86
82 86
69 86
50 86
23 86
23 86
50 86
86 132
83 86
82 86
23 86
23 86
86 132
82 86
82 86
82 86
86
82 86
82 86
82 86
86 137
82 86
86 123
82 86
5 86
82 86 137
82 86
82 86
86 119
86 119
82 86
82 86
86 119
86 119
86 119 137
82 86
82 86
82 86
43 86
82 86
86 119
86 119
82 86
82 86
86 119
82 86 119
86 119
82 86 119
86 119
86 119
82 86
82 86
86 137
82 86
82 86
82 86
82 86
86
5 86
82 86
82 86
82 86
5 86
82 86
86
75 87
75 87
75 87
87 123
36 87
36 87 91
36 87
4 88
59 89
29 89
57 59 89
57 59 89
57 89
89 124
34 89 124
59 89
3 89
39 89 100
59 89
59 89
59 89
57 89
59 89
89 136
89 136
59 89
89 142
89 136
13 29 89
89 142
59 89
59 89
89 136
59 89
59 89
34 89
89 139
34 89 124
26 90
91
76 91
76 91
76 91
76 91
76 91
2 91
2 91
2 91
2 91
2 91
2 91
2 91
2 91
2 91
2 91
91 142
36 91
91 142
2 91
2 91
36 91
91
91 123
91 123
91 123
91 123
2 91
2 91
2 91
2 91
91 123
2 91
2 91
2 91
2 91
2 91
2 91
76 91
2 91
59 91
68 91
92
92
92
30 92
30 92
30 92
30 92
41 92 133
92 141
41 65 92 133
41 65 92 133
41 65 92 133
25 92
25 41 65 92 133
25 92
25 41 65 92 133
25 41 65 92 133
25 64 65 92 133 141
25 41 65 92 133
65 92
25 41 65 92 133
92 133
64 92
64 92 133
65 92
92 133
41 64 65 92 133
92 141
92 141
92 141
64 92
92 133
92
64 92 133
64 92 133
42 92 133
42 92 133
64 92 133
93 103
4 93
37 93
37 93
37 93
4 93
37 93
47 93
27 93
27 93
27 93
27 93
93 119
93 119
55 93
37 93
37 93
94 143
75 94
94 143
95 96
81 95
95 96
10 95
95 96
95 96
95 96
95 96
10 95
95 96
10 95
10 95
10 33 44 54 74 85 95 130
95 96
95 96
95 96
95 96
95 96
95 96
95 96
95 96
95 96
95 96
10 95
95 96
95 96
95 96
95 96
95 96
10 95
10 95
10 95
10 95
95 96
10 95
10 95
10 95
10 95
10 95
82 95
18 96
18 96
35 55 66 76 91 97 108
35 97
55 97
66 76 91 97 140
75 97
35 97
76 97 108
76 97
97 136
76 97 108
76 97
97 108
97 108
97 108
76 97 108
21 98
21 98
21 98
21 98
21 98
21 98
21 98
21 98
48 98
89 98
7 98
90 98
60 98
90 98
19 98
9 19 98
9 98
3 98
3 98
3 98
3 98
3 98
3 98
98
48 98
86 99
86 99
86 99
86 99
99 113
99 113
50 99
50 99
79 99
99 113
17 99
39 100
100 127
89 100
100 104
39 100
89 100
89 100
89 100
39 100
39 100 104
100 127
100 127
39 100
39 100 127
39 100
39 100
39 100
39 100 104
100 112
39 100 104
19 100
100 104
39 89 100 104 135
100 104
39 100
39 53 89 100 104 135
21 39 53 89 100 104 135
89 100
21 39 53 89 100 104 135
39 53 89 100 104
53 100 112
100 127
100 127
89 100
100
89 100
89 100
89 100
89 100
100 104
89 100 104
100 104
89 100
21 100
51 100
39 100 104
89 100 143
39 100
89 100
39 100
89 100
100 120
100 136
100 136
39 100
39 100
100 104
100 120
39 100
39 100
100
100
14 100
14 100
39 100
39 100
39 100
39 100
100 104
100 120
39 100 104
100 104
69 100
14 100
51 100
51 100
39 100
39 100
39 100
69 100
14 100
14 100
100 127
100 127
100 127
39 100
100 104 127
100 104
96 100
96 100
96 100
96 100
100 104
51 100
100 104
51 100
39 100
39 100
39 100
39 100
100
69 100
69 100
69 100
100
100
69 100
69 100
69 100
43 100
43 100
57 100
57 100
69 100
57 100
57 100
34 101
34 101
13 101
31 102
31 102 109
31 102 109
102 109
102 139
31 102 109
102 105 109
102 109
31 102 126 139
102 117
102 117
47 80 103
103 108
103 108
37 103
37 103
103 108
37 103
103 108
26 103
103 108
91 103
37 103
37 103
37 103
26 103
58 103
4 6 27 37 47 58 61 71 76 80 81 91 93 103 116 131 132 140
73 104
104 135
39 104
39 104
39 104
39 104
39 104
39 104
39 53 89 104 112
104
39 104
43 104
104
39 104
100 104
73 104
89 100 104
104 110
39 104
39 104 135
22 104
104
57 104
104
39 104
43 104
39 104
22 39 104
39 104
82 104
14 104
53 104
104
104
69 104
104
104
104
22 104
21 104
69 104
104
104
104
39 104
39 104
100 104
69 104
22 39 104
104
104
82 104
104
22 104
14 104
39 104
39 104
39 104
18 40 53 104 112 120
104
39 100 104 127
21 59 104
104
104 135
18 39 40 53 104 112 120
24 95 104
18 104
39 104
39 104
14 104
14 104
14 104
39 89 104
21 104
100 104
14 104
39 104
40 104
39 104
100 104
18 39 40 104 120
53 104
39 53 104
104
39 104
39 104
14 104
104 110
14 104
14 104
53 104
104 120
39 104
104
39 104
39 104
39 104
39 104
39 104
39 104
39 104
104
14 104
53 104 120
53 104
14 104
104
104
104
104
104 127
51 104
14 104
104
22 104
22 39 104
22 104
22 39 104
39 104
104
104
40 104 120
39 100 104
104
104
104
69 104
39 104
100 104 112 120
39 100 104
104
100 104 127
22 104
104 112 120
14 104
39 104
22 104
39 104
22 104
39 104
39 104
104 120
53 104
18 53 104 112 120
53 104
104
14 104
100 104
100 104
53 104
53 104
22 104
22 104
22 39 104
104 120
22 39 104
104 120
39 104
39 104
14 104
105 109
16 105
105 109
105 109
16 105
105 109
16 105
16 105
105 126 139
105 139
16 105
105 109
105 139
88 105
16 105
105 109
102 105 109 139
105 109
105 109
16 105
105 109
105 109
16 105
105 109
105 109
105 109
16 105
105 109
106
106
106
106
106
106
25 106
106
106
106
106
106
106
25 41 106 133
25 106
25 106
106 133
25 41 106 133
106 133
32 106 133
49 106
32 106 133
49 106
49 64 106
25 106 133
64 106
41 106 133
15 106
49 106
106 133
15 106
64 106
15 106
106 133
106 133
15 106
106
106 133
106 133
65 92 106 133
15 106
64 106
15 25 106
64 106 133 141
92 106
41 106
64 106 133 141
106 133
106 133
106 141
107
107
107
107
107
107
107
107
107 132
107 132
6 70 107
59 107
6 84 107
60 107
6 107
107
6 81 107
6 107
107 135
107 135
59 107
30 108
30 108
25 108
49 108
41 108
25 108
18 108
30 108
41 108
30 108
18 108
30 108
25 108
30 108
41 108
25 108
41 108
41 49 108
30 108
25 108
25 41 49 108
25 108
15 108
25 108
25 49 108
25 49 108
82 108
82 108
103 108
103 108
103 108
6 61 108
61 108
6 61 108
103 108
41 108
18 108
15 108
30 108
103 108
106 108
103 108
30 108
15 108
41 49 108
108
41 49 108
15 41 49 108
41 108
15 108
103 108
49 108
15 41 49 108
15 41 49 108
41 108
15 41 49 108
30 108
49 64 108
15 108
41 108
25 41 49 64 108
15 108
15 41 108
64 108
15 108
30 108
91 108
76 91 108
103 108
41 108
103 108
103 108
103 108
103 108
25 64 72 108
103 108
103 108
103 108
82 108
103 108
103 108
103 108
103 108
103 108
103 108
49 108
103 108
103 108
41 72 108
25 41 49 64 108
25 108
103 108
103 108
103 108
108
103 108
103 108
103 108
91 108
18 25 41 49 108
30 108
15 108
15 108
15 41 108
103 108
103 108
108
91 108
103 108
91 108
108
103 108
91 108
103 108
103 108
103 108
103 108
103 108
91 108
41 108
91 108
103 108
15 108
15 108
30 108
71 108
91 108
103 108
49 108
15 108
103 108
41 49 64 108
91 108
41 108
30 108
25 41 49 64 72 108
30 108
30 108
103 108
25 108
103 108
71 108
41 108
6 76 108
37 108
25 41 108
71 108
71 108
71 108
71 108
49 108
25 41 108
61 108
30 108
15 108
76 108
15 41 108
15 108
76 108
103 108
76 108
103 108
64 108
103 108
15 108
108 119
108
67 108
103 108
108
58 108
1 108
103 108
108
109 126
31 109
105 109
16 102 105 109
16 105 109
105 109
31 109
16 102 105 109
109 139
16 109
109 139
16 105 109
109 139
16 105 109
16 105 109
105 109
110 127
104 110
51 110 127
110 127
43 110
43 110
110 127
51 110
43 110
43 110
110 127
110 127
43 110
43 110
5 43 51 110 127
5 43 51 110 127
110 127
110 127
110 127
110 127
110 127
43 110
43 110
110 127
110 127
5 110
43 110
43 110
43 110
5 110
43 110
43 110
43 110
43 110
110 127
43 110
43 110
110 127
5 43 110
5 110
5 110
110 127
5 43 51 110 127
5 110
5 110
5 110
5 110
51 110
5 43 110
51 110
51 110
5 43 51 110
5 110
5 43 51 110
43 110
5 43 51 110 127
5 43 110
5 43 51 110 127
5 43 110
43 110
5 110
43 110
43 110
5 43 110
110 127
110 127
43 110
43 110
43 110
43 110
43 110
5 110
110 127
5 43 51 110 127
43 110
5 110
43 110
110 127
5 110
43 110
43 110
5 110
110 127
110 127
110 127
110 127
5 110
43 110
43 110
51 110
110 127
43 110
5 110
43 110
2 110
5 110
110 127
110 127
5 43 110
104 110 127
110 127
110 127
43 110
5 110
43 110
5 43 51 110 127
110 127
110 127
110 127
43 110
43 110
86 110
51 110
43 110
110 127
110 127
43 110
5 43 51 110 127
100 110
43 110
43 110
5 110
43 110
43 110
43 110
110 127
43 110
43 100 110
81 110
43 110
110 127
110 127
43 110
43 110
110 127
5 110
5 110
110 127
110 127
104 110
110 127
5 43 110
5 43 110
110 127
110 127
43 110
110 127
5 43 51 110 127
43 110
5 43 110
110 127
5 110
51 110
5 110
43 110
110 127
110 127
110 127
5 43 110
110 127
5 43 51 110
5 43 110
110 127
51 110
5 43 110
5 110
43 110
5 110
43 110
110 127
43 110
5 110
43 110
43 110
51 110
43 110
110 127
110 127
5 43 51 110 127
5 110
110 127
110 127
110 127
5 110
43 110
110 127
5 110
5 110
5 110
110 127
5 110
43 110
5 110
5 43 110
5 110
5 110
5 43 110
43 110
110 127
43 110
5 43 51 110 127
5 43 51 110 127
110 127
104 110 127
43 110
110 127
43 110
110 127
43 110
5 110
110 127
43 110
110 127
5 110
5 110
110 127
5 43 51 110 127
5 110
43 110
5 110
5 110
51 110
43 110
110 127
110 127
5 110
43 110
110 127
110 127
43 110
110 127
43 110
43 110
5 51 110 127
14 110
5 110
51 110
5 110
5 51 110 127
5 110
110 127
5 51 110 127
5 110
51 110
5 110
51 110
110 132
110 127
5 110
51 110
51 110
5 51 110 127
5 51 110 127
51 110
5 110
51 110 127
51 110
5 110
110 127
110 127
51 110
5 110
110 127
5 110
110 127
5 110
5 110
5 51 110
110 127
5 51 110 127
5 51 110 127
5 110
5 110
110 127
5 110
5 51 110 127
5 110
5 110
5 51 110
5 110
5 51 110 127
51 110
5 110
5 110
110 127
5 51 110 127
51 110
110 127
51 110
5 110
5 110
5 110
51 110
51 110
5 110
68 71 110
51 110
51 110
51 110
51 110
5 110
51 110
51 110
51 110
51 110
110 127
51 110
5 51 110 127
110 127
51 110
5 110
5 51 110 127
110 127
5 110
110 127
110 127
5 83 110
110 127
5 110
5 110
110 127
110 127
51 110
110 127
83 110
83 110
51 110
5 51 83 110
5 110
83 110
69 110
83 110
110 127
5 83 110
110 127
83 110
110 127
110 127
69 110
110 127
110 127
83 110
83 110
110 127
83 110
110 127
51 110
83 110
110 127
110 127
110 127
5 110
110 127
5 110
5 51 110 127
5 51 110 127
5 110
5 51 110 127
51 110
51 110
51 110
51 110
51 110
5 51 83 110 127
51 110
51 110
51 110
51 110
83 110
83 110
110 127
83 110
83 110
83 110
83 110
83 110
2 110
83 110
83 110
83 110
83 110
5 51 83 110 127
2 110
69 110
51 83 110
83 110
83 110
69 110
51 110
83 110
83 110
5 51 83 110 127
51 110
110 127
51 110
110 127
2 110
83 110
83 110
83 110
83 110
83 110
51 110
110 127
5 51 83 110
51 110 127
83 110
110 127
5 51 83 110 127
5 83 110
5 110
5 51 83 110 127
110 127
5 51 83 110 127
51 110
5 51 83 110 127
5 110
83 110
51 110 127
5 110
5 51 83 110 127
5 110
83 110
83 110
110 127
83 110
5 51 83 110 127
83 110
104 110
51 110
5 51 83 110 127
83 110
5 110
5 51 83 110 127
5 110
110 127
5 83 110
5 110
51 110
51 83 110
83 110
5 51 83 110 127
83 110
83 110
83 110
5 110
5 51 83 110 127
83 110
5 83 110
51 110
5 110
83 110
51 110
83 110
83 110
83 110
51 110
51 110
110 138
5 110
5 51 83 110 127
83 110
104 110
5 110
5 51 83 110 127
5 83 110
5 110
5 83 110
5 110
5 83 110
110 127
5 83 110
83 110
5 51 83 110 127
83 110
83 110
83 110
83 110
83 110
83 110
51 110
110 127
5 110
83 110
89 110
110 127
110 138
5 110
110 127
110 127
5 110
51 110
51 110
5 110
51 110
83 110
51 110
83 110
51 110
5 110
5 110
5 51 83 110 127
110 127
110 138
5 110
83 110
5 110
110 138
83 110
83 110
5 51 83 110 127
5 51 83 110 127
83 110
83 110
83 110
5 51 83 110
110 138
83 110
83 110
110 127
83 110
5 51 83 110
5 51 83 110 127
5 51 83 110 127
83 110
104 110
110 127
83 110
5 110
104 110
51 110
5 51 83 110
83 110
110 127
83 110
51 110
83 110
110 138
110 138
110 138
83 110
5 51 83 110
5 110
83 110
83 110
110 127
83 110
51 110
83 110
83 110
110 127
5 51 83 110 127
110 127
83 110
83 110
5 110 138
83 110
83 110
83 110
5 110
110 127
110 127
43 110
83 110
83 110
5 110
110 132
110 132
5 110
83 110
83 110
51 110
51 110
83 110
110 127
51 110
5 110
110 132 138
5 110
5 110
110
83 110
5 83 110
5 110
5 110
5 110
5 51 83 110 127
83 110
83 110
83 110
83 110
110 132
5 83 110
110 127
5 51 83 110 127
5 83 110
5 110
5 110
83 110
110 127
83 110
51 110
83 110
83 110
110 138
110 132 138
110 132
83 110
86 110
110 127
5 110
83 110
5 110
5 110
83 110
83 110
83 110
110 127
5 51 83 110 127
110 127
51 110
110 138
110 138
5 51 83 110 127
5 110
5 110
5 110
110 127
110 127
110 127
110 127
83 110
110 127
43 110
43 110
43 110
110 138
5 110
5 43 51 83 110
43 110
5 110
43 110
43 110
51 110
43 110
43 110
43 110
43 110
5 110
5 110
43 110
110 127
43 110
43 110
43 110
110 127
83 110
110 138
5 110
5 110
5 110
43 110
43 110
43 110
43 83 110
43 110
83 110
110 132
5 110
5 110
43 110
43 110
43 110
5 110
5 110
83 110
83 110
43 110
43 51 83 110
43 110
5 110
43 110
43 110
43 110
43 110
43 110
43 51 83 110
83 110
5 110
43 51 83 110
51 110
51 110
51 110
51 110
51 110
51 110
43 51 83 110
43 110
51 110
83 110
43 110
83 110
83 110
83 110
83 110
83 110
5 110
5 110
51 110
69 110
83 110
83 110
69 110
83 110
83 110
5 110
83 110
5 83 110
5 83 110
5 83 110
83 110
83 110
83 110
5 110
5 110
5 110
5 110
5 110
5 110
5 110
5 110
83 110
5 110
5 83 110
5 110
83 110
5 110
5 110
2 111
73 111
73 111
73 111
73 111
52 111
73 111
73 111
21 111
11 111
73 111
11 111
73 111
2 111
8 111
73 111
111 113
73 111
59 111
73 111
111 142
73 111
73 111
39 111
111 114
59 111
73 111
73 111
3 111
111 135
111 114
21 59 111
73 111
111 114
73 111
21 59 111
52 111
59 111
21 111
111 142
111 142
73 111
73 111
73 111
73 111
3 111
73 111
111 112
73 111
73 111
73 111
57 59 111 135 142
2 111
10 111
11 111
11 111
39 111
73 111
2 111
111
73 111
1 2 37 52 59 89 111 113 124
57 111
1 2 37 52 81 111 113 124
111 124
73 111
111 124
73 111
52 111
73 111
111 135
73 111
52 111
52 111
73 111
59 111
73 111
73 111
73 111
11 111
73 111
73 111
73 111
11 111
14 111
53 111 114
53 112
113 124
35 113
111 113
79 113
55 113
113 123
10 37 113
113 123
59 113
75 113
1 113
1 113
59 113
113 123
55 113
59 113
62 113
59 113
99 113
113 123
113 123
1 62 81 113
2 113
113 123
59 113
111 113
24 113 138
59 113
113 123
34 113
17 113
59 113
17 113
62 113
113 123
81 113
67 113
67 113
67 113
67 113
62 113
62 113
57 113
57 113
57 59 113
57 59 113
50 113
50 113
3 114 122
11 42 53 57 72 114 135
42 114
21 114
21 114
21 114
11 73 114 127 137
8 11 21 22 48 57 59 72 112 114 135
8 11 21 22 48 57 59 72 112 114 135
15 30 41 114 131 142
63 115
20 38 63 115 117 126 139
20 38 63 115 117 126 139
20 38 63 115 117 126 139
63 115
63 115
20 115
38 115
115 117
1 116
103 116
116
47 116
47 116
47 116
93 116
47 116
103 116
55 116
55 116
55 116
55 116
55 116
55 116
55 116
55 116
20 117
115 117
38 102 117
102 117
63 117
109 117
117 139
117 139
109 117
117 126
115 117
117 139
115 117
117 139
93 119
119 131
93 119
93 119
119 137
119 137
119 137
7 121
57 123
57 123
57 123
57 123
91 123
91 123
91 123
91 123
57 123
47 123
57 123
57 123
99 123
8 124
57 124
57 124
111 124
111 124
21 124
124 135
124 135
113 124
2 124
59 124
74 124
59 124
124 135
124 135
59 124
90 124
111 124
56 124
111 124
111 124
7 26 56 124
2 124
1 124
56 124
59 124
59 124
80 125
19 125
80 125
80 125
37 125
47 125
37 125
122 125
126
16 29 80 88 105 125 126
88 126
126 132
109 126
109 126
109 126
29 126
38 126
38 126
109 126
117 126
38 126
117 126
117 126
109 126
88 126
4 16 80 88 105 125 126
4 16 80 88 105 125 126
4 16 80 88 105 125 126
38 126
38 126
38 126
109 126
126 139
126 139
38 126
38 126
4 16 80 88 105 125 126
4 126
4 16 80 88 105 125 126
109 126
109 126
109 126
80 126
4 16 80 88 105 125 126
80 126
109 126
109 126
109 126
109 126
4 16 80 88 105 125 126
4 16 80 88 105 125 126
105 126
109 126
4 16 80 88 105 125 126
16 105 126
16 126
4 16 80 88 105 125 126
105 126
105 126
4 16 80 88 105 125 126
109 126
4 16 80 88 105 125 126
16 105 126
16 105 126
4 126
115 126
102 126
109 126
109 126
109 126
31 126
109 126
109 126
109 126
109 126
126 136
126 136
126 139
122 126
122 126
122 126
38 126
4 16 80 102 105 125 126
122 126
51 127
14 127
43 127
104 127
51 127
51 127
43 127
51 127
51 127
43 51 110 127
51 127
51 127
51 127
104 127
14 23 39 43 50 51 82 86 100 104 110 127
110 127
110 127
100 127
43 51 110 127
110 127
110 127
110 127
110 127
110 127
110 127
110 127
51 127
110 127
110 127
110 127
51 127
51 127
50 127
51 127
51 127
100 127
51 127
100 110 127
110 127
43 127
51 127
110 127
39 127
51 127
110 127
51 127
57 127
100 127
43 51 110 127
5 43 51 110 127
110 127
57 127
57 127
57 127
57 127
57 127
5 127
43 51 110 127
43 127
43 127
110 127
57 127
57 127
110 127
110 127
110 127
23 100 127
57 127
23 100 127
51 127
57 127
57 127
51 127
51 127
23 100 127
110 127
110 127
51 127
51 127
51 127
23 100 127
57 127
127
57 127
57 127
23 127
51 127
51 127
57 127
43 127
51 127
5 23 43 50 51 86 100 110 127
100 127
51 127
5 43 51 110 127
51 127
51 127
110 127
23 127
57 127
51 127
100 127
57 127
51 127
51 127
51 127
5 43 51 110 127
110 127
110 127
51 127
110 127
110 127
23 127
51 127
51 127
5 14 23 39 43 50 51 82 86 100 104 110 127
127
127
127
127
127
57 127
110 127
57 127
51 127
51 127
110 127
5 43 51 110 127
51 127
51 127
110 127
57 127
110 127
51 127
23 127
39 127
51 127
57 127
57 127
5 43 127
51 127
51 127
51 127
110 127
51 127
23 100 127
23 100 127
23 127
51 127
51 127
57 127
39 127
127
51 127
51 127
57 127
57 127
39 127
57 127
57 127
110 127
57 127
57 127
57 127
104 127
51 127
57 127
57 127
23 127
23 127
23 127
57 127
104 127
110 127
57 127
110 127
110 127
51 127
57 127
3 127
51 127
39 127
127
110 127
57 127
51 127
39 127
5 51 110 127
51 127
57 127
127
57 127
57 127
127
57 127
110 127
51 127
110 127
127 142
110 127
127 142
110 127
110 127
51 127
57 127
110 127
51 127
39 127
5 127
110 127
51 127
51 127
51 127
51 127
127
57 127
104 127
51 127
5 51 127
5 51 127
127 142
39 127
14 127
57 127
127 142
127 142
39 127
51 127
57 127
57 127
110 127
51 127
51 127
51 127
110 127
104 127
110 127
39 127
110 127
110 127
39 127
110 127
110 127
110 127
110 127
110 127
57 127
110 127
3 127
51 127
51 127
110 127
110 127
110 127
110 127
127
127
127
127
110 127
51 127
5 51 83 127
110 127
23 127
57 127 142
127
57 127
51 127
110 127
110 127
110 127
5 127
51 127
100 110 127
127
51 127
57 127 142
51 127
51 127
51 127
110 127
51 127
5 51 83 127
57 127
51 127
110 127
51 127
51 127
39 127
51 127
51 127
127
51 127
110 127
100 127
110 127
104 127
5 51 83 110 127
57 127
127 142
110 127
51 127
51 127
104 127
51 83 110 127
23 69 127
50 127
69 127
51 127
51 127
127 142
110 127
100 127
50 127
127 142
54 127
5 51 83 110 127
104 127
51 127
51 127
51 127
110 127
83 127
2 91 127
39 127
127
83 127
14 104 127
127 142
5 51 83 110 127
51 127
57 127
51 127
51 127
57 127
43 127
57 127
57 127
100 127
110 127
104 127
39 127
51 127
127 142
110 127
83 127
51 127
127 142
127 142
5 51 83 110 127
127
51 127
83 127
110 127
110 127
110 127
127 142
127 142
127 142
39 127
127
5 127
110 127
39 127
127 142
127 142
5 51 83 110 127
51 127
100 127
110 127
5 51 83 110 127
100 127
5 51 83 110 127
127
127
51 127
51 127
51 127
51 127
51 127
51 127
51 127
51 127
51 127
57 127
51 127
51 127
127
5 43 51 83 110 127
58 128
58 128
1 58 61 128
118 128
1 58 128
37 58 128
1 37 58 128
1 37 58 128
1 37 128
58 128
95 128
94 128
1 128 131
103 128
95 128
37 58 128
37 128
37 58 128
1 128
129
12 98 121 129
33 130
33 130
33 130
33 130
33 130
33 130
33 130
33 130
33 130
33 130
131 137
131 137
67 131 132 137
82 131
82 131
67 131 132 137
82 131
82 131
82 131
82 131
82 131
82 131
59 131
131 137
35 131
131 137
131 132
131 137
82 131
82 131
119 131
59 131
67 131
67 131 132 137
67 131
131 137
18 131
37 131
131 137
59 131
59 131
18 131
131 137
37 131
131 137
131 137
59 131
131 137
131 137
37 131
9 131
131 137
57 131
57 131
131 137
57 131
37 131
131 137
57 131
57 131
131 137
131 137
57 131
59 131
59 131
26 131
131 137
18 131
59 131
37 131
37 131 137
131 137
37 131
57 131
131 137
18 131
18 131
18 131
131 137
57 131
131 137
21 131
18 131
131 137
47 75 131
131 137
131 137
131 137
131 137
18 131
131 137
18 131
18 131
37 131
18 131
37 131
131 137
131 137
131 137
131 137
18 131
18 131
18 131
9 131
37 131
18 131
59 131
131 137
131 137
131 137
37 131
131 137
37 131
58 131
131 137
131 137
131 132
132 138
50 132
50 132
37 132
50 132
50 132
50 132
86 132
86 132
86 132
50 132
86 132
131 132
132 138
132 138
131 132
132 138
131 132
50 132
2 132
50 132
2 132
107 132
83 132
131 132
86 132
50 132
110 132
132 138
50 132
110 132
132 138
132 138
132 138
107 132
2 132
107 132
107 132
67 132
132 138
2 132
2 132
132 138
132 138
67 132
50 86 132
132 138
50 132
67 132
50 132
110 132
110 132
110 132
67 132
67 132
41 133
41 133
41 133
64 133
25 133
41 133
25 133
64 133
41 133
15 133
15 133
25 133
64 133
32 42 133
64 133
41 133
41 133
25 41 64 133
25 133
64 133
25 133
25 41 64 133
25 64 133
25 133
41 133
41 133
25 133
25 133
25 133
64 133
64 133
64 133
25 133
25 133
30 133
49 133
25 133
41 133
41 133
15 25 133
15 133
25 41 64 65 133
41 133
41 133
41 133
41 133
64 133
64 133
25 133
41 133
41 133
41 133
41 133
64 133
41 133
25 133
64 133
64 133
41 133
25 133
106 133
25 133
41 133
25 133
25 133
64 133
25 133
64 133
64 133
41 133
41 133
64 133 141
64 133 141
41 133
64 133
73 133 141
133 141
41 133
25 133
30 41 133
64 133 141
32 41 65 133
30 41 42 65 72 133
25 133
41 64 133 141
41 133
25 133
25 41 64 133 141
41 133
64 133 141
25 133
64 133
64 133
25 133
41 65 133
25 133
133 141
25 133
25 133
64 133 141
25 133
41 133
41 133
25 133
41 133
133 141
25 133
49 133
133 141
41 133
25 133
49 133
49 133
64 133 141
64 133 141
25 133
133 141
41 133
30 133
133 141
49 133
64 133 141
41 133
64 133 141
64 133 141
64 133
41 133
64 133
64 133 141
32 133
133 141
64 133 141
64 133 141
25 133
65 133
32 133
49 133
41 133
41 133
64 133 141
49 133
64 133 141
41 133
25 41 64 133 141
41 133
41 133
32 133
25 133
41 133
64 133 141
64 133 141
25 133
41 64 133 141
41 133
25 133
64 133
133 141
64 133
25 133
41 133
49 133
133 141
25 64 133 141
41 133
41 133
64 133 141
41 133
41 133
64 133
41 133
25 133
25 41 65 92 133
41 133
64 133 141
41 133
41 65 133
32 133
25 133
25 64 133 141
25 133
72 133
92 133
25 133
64 92 133 141
41 72 133
133 141
41 133
41 133
41 133
41 133
41 133
133 141
133 141
133 141
72 133
64 133
41 133
41 133
41 133
41 133 141
64 92 133
64 133 141
133 141
32 92 133
32 133
41 42 48 72 133
64 133 141
41 133
41 133
41 42 72 133
133 141
41 133
41 133
41 133
41 133
41 133
41 133
92 133
41 133
41 133
41 133
25 41 64 133 141
92 133
64 133 141
32 65 92 133
32 133
41 133
41 133
41 65 133
41 133
64 133 141
41 133
41 133
41 133
92 133
64 133 141
41 133
64 133 141
41 133
65 133
92 133
64 133
41 133
64 133 141
133 141
92 133
133 141
25 41 64 133 141
64 133 141
64 133 141
64 133
106 133
64 133 141
41 133
41 133
64 133 141
133 141
41 133
64 133
41 133
64 133 141
92 133
25 133
41 133
92 133
25 133
133 141
133 141
41 133
41 133
133 141
64 133 141
41 133
41 133
25 133
64 133 141
25 41 64 133 141
64 133 141
41 133
41 133
25 133
41 133
41 133
25 41 64 133 141
41 133
64 133 141
41 133
41 133
41 133
15 133
15 133
64 133
64 133
64 133
64 133
64 133
64 133
15 133
52 134
134 136
134
134
134 136
36 134
36 134
116 134
132 134
134
104 135
124 135
113 135
57 135
135 142
59 81 135
11 135
59 135
57 135 142
59 135
2 135
59 135
57 135
2 135
52 135
2 135
135 142
21 135
111 135
57 135
11 135
59 135
111 135
59 135
59 135
59 135
111 135
21 135
21 135
59 135
21 135
11 135
59 135
114 135
8 135
57 59 73 135
21 135
73 135
60 135
59 135
57 135
59 135
135 142
59 135
73 135
73 135
21 135
59 135
24 135
107 135
131 137
82 137
131 137
119 131 137
82 131 137
131 137
82 137
119 137
131 137
82 137
82 137
82 137
82 137
131 137
119 137
119 137
131 137
82 137
131 137
131 137
131 137
131 137
131 137
131 137
131 137
93 137
131 137
131 137
131 137
131 137
131 137
119 131 137
131 137
131 137
131 137
131 137
131 137
119 137
131 137
131 137
131 137
131 137
131 137
131 137
131 137
119 137
131 137
131 137
131 137
55 137
55 137
131 137
131 137
82 93 131 137
131 137
131 137
119 137
119 131 137
119 137
119 137
131 137
138
138
138
138
138
138
138
138
138
138
138
138
138
138
138
77 139
122 139
20 38 63 77 115 117 126 139
77 139
20 38 63 77 115 117 126 139
20 38 63 77 115 117 126 139
20 38 63 77 115 117 126 139
63 139
139
139
31 139
126 139
20 38 63 77 115 117 126 139
126 139
126 139
20 38 63 77 115 117 126 139
77 139
20 38 63 77 115 117 126 139
63 139
20 38 63 77 115 117 126 139
126 139
126 139
126 139
126 139
126 139
20 38 63 77 115 117 126 139
126 139
20 38 63 77 115 117 126 139
20 38 63 77 115 117 126 139
139
20 38 63 77 115 117 126 139
109 139
126 139
20 38 63 77 115 117 126 139
16 80 102 105 125 139
115 139
139
20 38 63 77 115 117 126 139
20 38 63 77 115 117 126 139
20 38 63 115 117 126 139
139
109 139
122 139
20 38 63 115 117 126 139
126 139
126 139
38 139
122 139
126 139
20 38 63 115 117 126 139
20 38 63 115 117 126 139
20 38 63 115 117 126 139
20 38 63 115 117 126 139
126 139
20 38 63 115 117 126 139
20 38 63 115 117 126 139
20 38 63 115 117 126 139
126 139
20 38 63 115 117 126 139
115 139
115 139
126 139
20 38 63 115 117 126 139
20 38 63 115 117 126 139
20 38 63 115 117 126 139
126 139
126 139
20 38 63 115 117 126 139
20 38 63 115 117 126 139
126 139
122 139
105 139
139
126 139
126 139
126 139
126 139
109 139
109 139
117 139
126 139
20 38 63 115 117 126 139
126 139
20 38 63 115 117 126 139
126 139
20 38 63 115 117 126 139
20 38 63 115 117 126 139
20 38 63 115 117 126 139
20 38 63 115 117 126 139
126 139
20 38 63 115 117 126 139
126 139
126 139
20 38 63 115 117 126 139
126 139
109 139
109 139
139
20 38 63 115 117 126 139
20 38 63 115 117 126 139
20 38 63 115 117 126 139
126 139
126 139
20 38 63 115 117 126 139
117 139
20 38 63 115 117 126 139
20 38 63 115 117 126 139
20 38 63 115 117 126 139
126 139
126 139
20 38 63 115 117 126 139
126 139
20 38 63 115 117 126 139
20 38 63 115 117 126 139
122 139
109 139
122 139
63 139
126 139
31 139
126 139
117 139
126 139
126 139
20 38 63 115 117 126 139
126 139
20 38 63 115 117 126 139
20 38 63 115 117 126 139
20 38 63 115 117 126 139
126 139
126 139
139
20 38 63 115 117 126 139
20 38 63 115 117 126 139
126 139
20 38 63 115 117 126 139
20 139
126 139
126 139
126 139
126 139
20 38 63 115 117 126 139
126 139
20 38 63 115 117 126 139
63 139
126 139
20 38 63 115 117 126 139
20 38 63 115 117 126 139
139
20 38 63 115 117 126 139
20 38 63 115 117 126 139
20 38 63 115 117 126 139
126 139
20 38 63 115 117 126 139
20 38 63 115 117 126 139
20 38 63 115 117 126 139
20 38 63 115 117 126 139
20 38 63 115 117 126 139
20 38 63 115 117 126 139
126 139
126 139
126 139
126 139
126 139
20 38 63 115 117 126 139
117 139
126 139
126 139
38 139
126 139
139
139
139
126 139
20 38 63 115 117 126 139
139
20 38 63 115 117 126 139
20 38 63 115 117 126 139
139
20 38 63 115 117 126 139
126 139
20 38 63 115 117 126 139
126 139
139
139
139
109 139
16 139
20 38 63 115 117 126 139
126 139
20 38 63 115 117 126 139
20 38 63 115 117 126 139
126 139
20 38 63 115 117 126 139
20 38 63 115 117 126 139
20 38 63 115 117 126 139
20 38 63 115 117 126 139
20 38 63 115 117 126 139
20 38 63 115 117 126 139
139
139
126 139
126 139
126 139
20 38 63 115 117 126 139
20 38 63 115 117 126 139
126 139
139
126 139
139
20 38 63 115 117 126 139
20 38 63 115 117 126 139
126 139
126 139
126 139
109 139
109 139
126 139
38 117 139
20 38 63 115 117 126 139
20 38 63 115 117 126 139
126 139
105 139
126 139
115 139
139
139
139
126 139
38 139
126 139
20 38 63 115 117 126 139
126 139
20 38 63 115 117 126 139
20 38 63 115 117 126 139
20 38 63 78 115 117 126 139
126 139
126 139
126 139
126 139
126 139
126 139
126 139
126 139
126 139
139
139
139
109 139
16 139
115 139
20 38 77 78 115 117 126 139
20 38 77 78 115 117 126 139
20 38 78 115 117 139
20 139
115 139
20 139
20 38 78 115 117 139
20 38 78 115 117 139
117 139
20 38 78 115 117 139
122 139
78 139
139
20 38 78 102 115 117 139
27 37 61 140
27 140
27 140
61 140
61 140
141
141
41 141
25 141
41 64 133 141
25 133 141
41 141
133 141
92 141
25 141
59 142
59 142
57 135 142
57 142
57 142
71 142
3 142
71 142
135 142
135 142
76 142
2 142
76 142
76 142
57 142
76 142
76 142
57 142
57 142
76 142
36 142
2 142
76 142
76 142
57 142
76 142
76 142
71 142
76 142
2 142
2 142
76 142
76 142
76 142
71 142
71 142
107 142
135 142
107 142
76 142
36 142
107 142
2 142
71 142
57 59 135 142
59 142
76 142
94 143
59 143
59 143
75 143
75 143
94 143
59 143
59 143
59 143
94 143
94 143
94 143
94 143
37 143
94 143
94 143
26 143
94 143
59 143
94 143
59 143
59 143
94 143
94 143
59 143
57 143
94 143
26 94 143
26 143
135 143
94 143
26 143
26 94 143
